ID,Sequence,seq_clean,length,seq_tokens,seq_token_list
CP01593;CP01598;CP01602;CP01604;CP01608;CP01610;CP01613,AAACYAKAPYAACA,AAACYAKAPYAACA,14,A A A C Y A K A P Y A A C A <EOS> <PAD> <PAD> <PAD> <PAD> <PAD> <PAD> <PAD> <PAD> <PAD> <PAD> <PAD> <PAD> <PAD> <PAD> <PAD> <PAD>,"['A', 'A', 'A', 'C', 'Y', 'A', 'K', 'A', 'P', 'Y', 'A', 'A', 'C', 'A', '<EOS>', '<PAD>', '<PAD>', '<PAD>', '<PAD>', '<PAD>', '<PAD>', '<PAD>', '<PAD>', '<PAD>', '<PAD>', '<PAD>', '<PAD>', '<PAD>', '<PAD>', '<PAD>', '<PAD>']"
CP07352,AADGKPSDWISLVTPECCSNPPCNLQNC,AADGKPSDWISLVTPECCSNPPCNLQNC,28,A A D G K P S D W I S L V T P E C C S N P P C N L Q N C <EOS> <PAD> <PAD>,"['A', 'A', 'D', 'G', 'K', 'P', 'S', 'D', 'W', 'I', 'S', 'L', 'V', 'T', 'P', 'E', 'C', 'C', 'S', 'N', 'P', 'P', 'C', 'N', 'L', 'Q', 'N', 'C', '<EOS>', '<PAD>', '<PAD>']"
CP07354,AAKVKYSLTPAECCPNPPCFAQHSDLCGA,AAKVKYSLTPAECCPNPPCFAQHSDLCGA,29,A A K V K Y S L T P A E C C P N P P C F A Q H S D L C G A <EOS> <PAD>,"['A', 'A', 'K', 'V', 'K', 'Y', 'S', 'L', 'T', 'P', 'A', 'E', 'C', 'C', 'P', 'N', 'P', 'P', 'C', 'F', 'A', 'Q', 'H', 'S', 'D', 'L', 'C', 'G', 'A', '<EOS>', '<PAD>']"
CP07390,AAKVKYSNTPEECCPNPPCFATHSEICGV,AAKVKYSNTPEECCPNPPCFATHSEICGV,29,A A K V K Y S N T P E E C C P N P P C F A T H S E I C G V <EOS> <PAD>,"['A', 'A', 'K', 'V', 'K', 'Y', 'S', 'N', 'T', 'P', 'E', 'E', 'C', 'C', 'P', 'N', 'P', 'P', 'C', 'F', 'A', 'T', 'H', 'S', 'E', 'I', 'C', 'G', 'V', '<EOS>', '<PAD>']"
CP01308,AALGCSCKNKVCYRNGIPCGESCVWIPCIS,AALGCSCKNKVCYRNGIPCGESCVWIPCIS,30,A A L G C S C K N K V C Y R N G I P C G E S C V W I P C I S <EOS>,"['A', 'A', 'L', 'G', 'C', 'S', 'C', 'K', 'N', 'K', 'V', 'C', 'Y', 'R', 'N', 'G', 'I', 'P', 'C', 'G', 'E', 'S', 'C', 'V', 'W', 'I', 'P', 'C', 'I', 'S', '<EOS>']"
CP07353,AANAKLFAVMQSCCSTPPCALRHMDMC,AANAKLFAVMQSCCSTPPCALRHMDMC,27,A A N A K L F A V M Q S C C S T P P C A L R H M D M C <EOS> <PAD> <PAD> <PAD>,"['A', 'A', 'N', 'A', 'K', 'L', 'F', 'A', 'V', 'M', 'Q', 'S', 'C', 'C', 'S', 'T', 'P', 'P', 'C', 'A', 'L', 'R', 'H', 'M', 'D', 'M', 'C', '<EOS>', '<PAD>', '<PAD>', '<PAD>']"
CP07389,AANAKLFDVGQSCCSAPLCALLYMVIC,AANAKLFDVGQSCCSAPLCALLYMVIC,27,A A N A K L F D V G Q S C C S A P L C A L L Y M V I C <EOS> <PAD> <PAD> <PAD>,"['A', 'A', 'N', 'A', 'K', 'L', 'F', 'D', 'V', 'G', 'Q', 'S', 'C', 'C', 'S', 'A', 'P', 'L', 'C', 'A', 'L', 'L', 'Y', 'M', 'V', 'I', 'C', '<EOS>', '<PAD>', '<PAD>', '<PAD>']"
CP07515,AANLMALLQESLCPPGCYPSCTDCRYMFP,AANLMALLQESLCPPGCYPSCTDCRYMFP,29,A A N L M A L L Q E S L C P P G C Y P S C T D C R Y M F P <EOS> <PAD>,"['A', 'A', 'N', 'L', 'M', 'A', 'L', 'L', 'Q', 'E', 'S', 'L', 'C', 'P', 'P', 'G', 'C', 'Y', 'P', 'S', 'C', 'T', 'D', 'C', 'R', 'Y', 'M', 'F', 'P', '<EOS>', '<PAD>']"
CP01158,AATKSLPPLAFPDG,AATKSLPPLAFPDG,14,A A T K S L P P L A F P D G <EOS> <PAD> <PAD> <PAD> <PAD> <PAD> <PAD> <PAD> <PAD> <PAD> <PAD> <PAD> <PAD> <PAD> <PAD> <PAD> <PAD>,"['A', 'A', 'T', 'K', 'S', 'L', 'P', 'P', 'L', 'A', 'F', 'P', 'D', 'G', '<EOS>', '<PAD>', '<PAD>', '<PAD>', '<PAD>', '<PAD>', '<PAD>', '<PAD>', '<PAD>', '<PAD>', '<PAD>', '<PAD>', '<PAD>', '<PAD>', '<PAD>', '<PAD>', '<PAD>']"
CP08835;CP08960,ACCDPDWCDAGCYDGCC,ACCDPDWCDAGCYDGCC,17,A C C D P D W C D A G C Y D G C C <EOS> <PAD> <PAD> <PAD> <PAD> <PAD> <PAD> <PAD> <PAD> <PAD> <PAD> <PAD> <PAD> <PAD>,"['A', 'C', 'C', 'D', 'P', 'D', 'W', 'C', 'D', 'A', 'G', 'C', 'Y', 'D', 'G', 'C', 'C', '<EOS>', '<PAD>', '<PAD>', '<PAD>', '<PAD>', '<PAD>', '<PAD>', '<PAD>', '<PAD>', '<PAD>', '<PAD>', '<PAD>', '<PAD>', '<PAD>']"
CP08253,ACCEPLWCDAGCYDGCC,ACCEPLWCDAGCYDGCC,17,A C C E P L W C D A G C Y D G C C <EOS> <PAD> <PAD> <PAD> <PAD> <PAD> <PAD> <PAD> <PAD> <PAD> <PAD> <PAD> <PAD> <PAD>,"['A', 'C', 'C', 'E', 'P', 'L', 'W', 'C', 'D', 'A', 'G', 'C', 'Y', 'D', 'G', 'C', 'C', '<EOS>', '<PAD>', '<PAD>', '<PAD>', '<PAD>', '<PAD>', '<PAD>', '<PAD>', '<PAD>', '<PAD>', '<PAD>', '<PAD>', '<PAD>', '<PAD>']"
CP08211,ACCKVKFLNFCCNE,ACCKVKFLNFCCNE,14,A C C K V K F L N F C C N E <EOS> <PAD> <PAD> <PAD> <PAD> <PAD> <PAD> <PAD> <PAD> <PAD> <PAD> <PAD> <PAD> <PAD> <PAD> <PAD> <PAD>,"['A', 'C', 'C', 'K', 'V', 'K', 'F', 'L', 'N', 'F', 'C', 'C', 'N', 'E', '<EOS>', '<PAD>', '<PAD>', '<PAD>', '<PAD>', '<PAD>', '<PAD>', '<PAD>', '<PAD>', '<PAD>', '<PAD>', '<PAD>', '<PAD>', '<PAD>', '<PAD>', '<PAD>', '<PAD>']"
CP06149,ACCPYEPSCCI,ACCPYEPSCCI,11,A C C P Y E P S C C I <EOS> <PAD> <PAD> <PAD> <PAD> <PAD> <PAD> <PAD> <PAD> <PAD> <PAD> <PAD> <PAD> <PAD> <PAD> <PAD> <PAD> <PAD> <PAD> <PAD>,"['A', 'C', 'C', 'P', 'Y', 'E', 'P', 'S', 'C', 'C', 'I', '<EOS>', '<PAD>', '<PAD>', '<PAD>', '<PAD>', '<PAD>', '<PAD>', '<PAD>', '<PAD>', '<PAD>', '<PAD>', '<PAD>', '<PAD>', '<PAD>', '<PAD>', '<PAD>', '<PAD>', '<PAD>', '<PAD>', '<PAD>']"
CP08870;CP08871,ACCSYPPCNVNYPEICGGR,ACCSYPPCNVNYPEICGGR,19,A C C S Y P P C N V N Y P E I C G G R <EOS> <PAD> <PAD> <PAD> <PAD> <PAD> <PAD> <PAD> <PAD> <PAD> <PAD> <PAD>,"['A', 'C', 'C', 'S', 'Y', 'P', 'P', 'C', 'N', 'V', 'N', 'Y', 'P', 'E', 'I', 'C', 'G', 'G', 'R', '<EOS>', '<PAD>', '<PAD>', '<PAD>', '<PAD>', '<PAD>', '<PAD>', '<PAD>', '<PAD>', '<PAD>', '<PAD>', '<PAD>']"
CP07536,ACSGRGSRCPPQCCMGLTCGREYPPRC,ACSGRGSRCPPQCCMGLTCGREYPPRC,27,A C S G R G S R C P P Q C C M G L T C G R E Y P P R C <EOS> <PAD> <PAD> <PAD>,"['A', 'C', 'S', 'G', 'R', 'G', 'S', 'R', 'C', 'P', 'P', 'Q', 'C', 'C', 'M', 'G', 'L', 'T', 'C', 'G', 'R', 'E', 'Y', 'P', 'P', 'R', 'C', '<EOS>', '<PAD>', '<PAD>', '<PAD>']"
CP08265,ACSQVGEACLPQKPCCPGCLCNHIGGMCHH,ACSQVGEACLPQKPCCPGCLCNHIGGMCHH,30,A C S Q V G E A C L P Q K P C C P G C L C N H I G G M C H H <EOS>,"['A', 'C', 'S', 'Q', 'V', 'G', 'E', 'A', 'C', 'L', 'P', 'Q', 'K', 'P', 'C', 'C', 'P', 'G', 'C', 'L', 'C', 'N', 'H', 'I', 'G', 'G', 'M', 'C', 'H', 'H', '<EOS>']"
CP06357,ACVELGEICATGFFLDEECCTGSCHVFCVL,ACVELGEICATGFFLDEECCTGSCHVFCVL,30,A C V E L G E I C A T G F F L D E E C C T G S C H V F C V L <EOS>,"['A', 'C', 'V', 'E', 'L', 'G', 'E', 'I', 'C', 'A', 'T', 'G', 'F', 'F', 'L', 'D', 'E', 'E', 'C', 'C', 'T', 'G', 'S', 'C', 'H', 'V', 'F', 'C', 'V', 'L', '<EOS>']"
CP03546,ACYCRIPACFAGERRYGTCFYLGRVWAFCC,ACYCRIPACFAGERRYGTCFYLGRVWAFCC,30,A C Y C R I P A C F A G E R R Y G T C F Y L G R V W A F C C <EOS>,"['A', 'C', 'Y', 'C', 'R', 'I', 'P', 'A', 'C', 'F', 'A', 'G', 'E', 'R', 'R', 'Y', 'G', 'T', 'C', 'F', 'Y', 'L', 'G', 'R', 'V', 'W', 'A', 'F', 'C', 'C', '<EOS>']"
CP08940;CP09233,ACYPPCFGSSVCYGGRCFFIGF,ACYPPCFGSSVCYGGRCFFIGF,22,A C Y P P C F G S S V C Y G G R C F F I G F <EOS> <PAD> <PAD> <PAD> <PAD> <PAD> <PAD> <PAD> <PAD>,"['A', 'C', 'Y', 'P', 'P', 'C', 'F', 'G', 'S', 'S', 'V', 'C', 'Y', 'G', 'G', 'R', 'C', 'F', 'F', 'I', 'G', 'F', '<EOS>', '<PAD>', '<PAD>', '<PAD>', '<PAD>', '<PAD>', '<PAD>', '<PAD>', '<PAD>']"
CP08456,ADCSTYCFGMGICQSGCYCGPGHACMPN,ADCSTYCFGMGICQSGCYCGPGHACMPN,28,A D C S T Y C F G M G I C Q S G C Y C G P G H A C M P N <EOS> <PAD> <PAD>,"['A', 'D', 'C', 'S', 'T', 'Y', 'C', 'F', 'G', 'M', 'G', 'I', 'C', 'Q', 'S', 'G', 'C', 'Y', 'C', 'G', 'P', 'G', 'H', 'A', 'C', 'M', 'P', 'N', '<EOS>', '<PAD>', '<PAD>']"
CP02220,ADGTRPKNAPWILL,ADGTRPKNAPWILL,14,A D G T R P K N A P W I L L <EOS> <PAD> <PAD> <PAD> <PAD> <PAD> <PAD> <PAD> <PAD> <PAD> <PAD> <PAD> <PAD> <PAD> <PAD> <PAD> <PAD>,"['A', 'D', 'G', 'T', 'R', 'P', 'K', 'N', 'A', 'P', 'W', 'I', 'L', 'L', '<EOS>', '<PAD>', '<PAD>', '<PAD>', '<PAD>', '<PAD>', '<PAD>', '<PAD>', '<PAD>', '<PAD>', '<PAD>', '<PAD>', '<PAD>', '<PAD>', '<PAD>', '<PAD>', '<PAD>']"
CP07549,ADVDIDMAVFLEKLQDACCKNAPEFGCCT,ADVDIDMAVFLEKLQDACCKNAPEFGCCT,29,A D V D I D M A V F L E K L Q D A C C K N A P E F G C C T <EOS> <PAD>,"['A', 'D', 'V', 'D', 'I', 'D', 'M', 'A', 'V', 'F', 'L', 'E', 'K', 'L', 'Q', 'D', 'A', 'C', 'C', 'K', 'N', 'A', 'P', 'E', 'F', 'G', 'C', 'C', 'T', '<EOS>', '<PAD>']"
CP02723,AEGEFIHNRYNRFFYWYGDPAK,AEGEFIHNRYNRFFYWYGDPAK,22,A E G E F I H N R Y N R F F Y W Y G D P A K <EOS> <PAD> <PAD> <PAD> <PAD> <PAD> <PAD> <PAD> <PAD>,"['A', 'E', 'G', 'E', 'F', 'I', 'H', 'N', 'R', 'Y', 'N', 'R', 'F', 'F', 'Y', 'W', 'Y', 'G', 'D', 'P', 'A', 'K', '<EOS>', '<PAD>', '<PAD>', '<PAD>', '<PAD>', '<PAD>', '<PAD>', '<PAD>', '<PAD>']"
CP02425,AFMVTITVVVFVG,AFMVTITVVVFVG,13,A F M V T I T V V V F V G <EOS> <PAD> <PAD> <PAD> <PAD> <PAD> <PAD> <PAD> <PAD> <PAD> <PAD> <PAD> <PAD> <PAD> <PAD> <PAD> <PAD> <PAD>,"['A', 'F', 'M', 'V', 'T', 'I', 'T', 'V', 'V', 'V', 'F', 'V', 'G', '<EOS>', '<PAD>', '<PAD>', '<PAD>', '<PAD>', '<PAD>', '<PAD>', '<PAD>', '<PAD>', '<PAD>', '<PAD>', '<PAD>', '<PAD>', '<PAD>', '<PAD>', '<PAD>', '<PAD>', '<PAD>']"
CP05821,AFPCGESCVYLPCFTIGCSCKSKVCYKN,AFPCGESCVYLPCFTIGCSCKSKVCYKN,28,A F P C G E S C V Y L P C F T I G C S C K S K V C Y K N <EOS> <PAD> <PAD>,"['A', 'F', 'P', 'C', 'G', 'E', 'S', 'C', 'V', 'Y', 'L', 'P', 'C', 'F', 'T', 'I', 'G', 'C', 'S', 'C', 'K', 'S', 'K', 'V', 'C', 'Y', 'K', 'N', '<EOS>', '<PAD>', '<PAD>']"
CP01038,AGAKNFFWKTFTSA,AGAKNFFWKTFTSA,14,A G A K N F F W K T F T S A <EOS> <PAD> <PAD> <PAD> <PAD> <PAD> <PAD> <PAD> <PAD> <PAD> <PAD> <PAD> <PAD> <PAD> <PAD> <PAD> <PAD>,"['A', 'G', 'A', 'K', 'N', 'F', 'F', 'W', 'K', 'T', 'F', 'T', 'S', 'A', '<EOS>', '<PAD>', '<PAD>', '<PAD>', '<PAD>', '<PAD>', '<PAD>', '<PAD>', '<PAD>', '<PAD>', '<PAD>', '<PAD>', '<PAD>', '<PAD>', '<PAD>', '<PAD>', '<PAD>']"
CP06991,AGCCPTIMYKTGACRTNRC,AGCCPTIMYKTGACRTNRC,19,A G C C P T I M Y K T G A C R T N R C <EOS> <PAD> <PAD> <PAD> <PAD> <PAD> <PAD> <PAD> <PAD> <PAD> <PAD> <PAD>,"['A', 'G', 'C', 'C', 'P', 'T', 'I', 'M', 'Y', 'K', 'T', 'G', 'A', 'C', 'R', 'T', 'N', 'R', 'C', '<EOS>', '<PAD>', '<PAD>', '<PAD>', '<PAD>', '<PAD>', '<PAD>', '<PAD>', '<PAD>', '<PAD>', '<PAD>', '<PAD>']"
CP07504,AGCGGHCLDNSFCPPACSDCSEIYAC,AGCGGHCLDNSFCPPACSDCSEIYAC,26,A G C G G H C L D N S F C P P A C S D C S E I Y A C <EOS> <PAD> <PAD> <PAD> <PAD>,"['A', 'G', 'C', 'G', 'G', 'H', 'C', 'L', 'D', 'N', 'S', 'F', 'C', 'P', 'P', 'A', 'C', 'S', 'D', 'C', 'S', 'E', 'I', 'Y', 'A', 'C', '<EOS>', '<PAD>', '<PAD>', '<PAD>', '<PAD>']"
CP01026;CP01065;CP02056,AGTADCFWKYCV,AGTADCFWKYCV,12,A G T A D C F W K Y C V <EOS> <PAD> <PAD> <PAD> <PAD> <PAD> <PAD> <PAD> <PAD> <PAD> <PAD> <PAD> <PAD> <PAD> <PAD> <PAD> <PAD> <PAD> <PAD>,"['A', 'G', 'T', 'A', 'D', 'C', 'F', 'W', 'K', 'Y', 'C', 'V', '<EOS>', '<PAD>', '<PAD>', '<PAD>', '<PAD>', '<PAD>', '<PAD>', '<PAD>', '<PAD>', '<PAD>', '<PAD>', '<PAD>', '<PAD>', '<PAD>', '<PAD>', '<PAD>', '<PAD>', '<PAD>', '<PAD>']"
CP01558;CP01559;CP01682,AHVPGAWGWGVD,AHVPGAWGWGVD,12,A H V P G A W G W G V D <EOS> <PAD> <PAD> <PAD> <PAD> <PAD> <PAD> <PAD> <PAD> <PAD> <PAD> <PAD> <PAD> <PAD> <PAD> <PAD> <PAD> <PAD> <PAD>,"['A', 'H', 'V', 'P', 'G', 'A', 'W', 'G', 'W', 'G', 'V', 'D', '<EOS>', '<PAD>', '<PAD>', '<PAD>', '<PAD>', '<PAD>', '<PAD>', '<PAD>', '<PAD>', '<PAD>', '<PAD>', '<PAD>', '<PAD>', '<PAD>', '<PAD>', '<PAD>', '<PAD>', '<PAD>', '<PAD>']"
CP07723,AIGGTCCPIPSCASTFPRLC,AIGGTCCPIPSCASTFPRLC,20,A I G G T C C P I P S C A S T F P R L C <EOS> <PAD> <PAD> <PAD> <PAD> <PAD> <PAD> <PAD> <PAD> <PAD> <PAD>,"['A', 'I', 'G', 'G', 'T', 'C', 'C', 'P', 'I', 'P', 'S', 'C', 'A', 'S', 'T', 'F', 'P', 'R', 'L', 'C', '<EOS>', '<PAD>', '<PAD>', '<PAD>', '<PAD>', '<PAD>', '<PAD>', '<PAD>', '<PAD>', '<PAD>', '<PAD>']"
CP07226,AIKLTCCSELTCAGNYPNIC,AIKLTCCSELTCAGNYPNIC,20,A I K L T C C S E L T C A G N Y P N I C <EOS> <PAD> <PAD> <PAD> <PAD> <PAD> <PAD> <PAD> <PAD> <PAD> <PAD>,"['A', 'I', 'K', 'L', 'T', 'C', 'C', 'S', 'E', 'L', 'T', 'C', 'A', 'G', 'N', 'Y', 'P', 'N', 'I', 'C', '<EOS>', '<PAD>', '<PAD>', '<PAD>', '<PAD>', '<PAD>', '<PAD>', '<PAD>', '<PAD>', '<PAD>', '<PAD>']"
CP05683,AIPCGESCVWIPCFSSVIGCRCRSKVCYR,AIPCGESCVWIPCFSSVIGCRCRSKVCYR,29,A I P C G E S C V W I P C F S S V I G C R C R S K V C Y R <EOS> <PAD>,"['A', 'I', 'P', 'C', 'G', 'E', 'S', 'C', 'V', 'W', 'I', 'P', 'C', 'F', 'S', 'S', 'V', 'I', 'G', 'C', 'R', 'C', 'R', 'S', 'K', 'V', 'C', 'Y', 'R', '<EOS>', '<PAD>']"
CP01437,AISCGETCFKFKCYTPRCSCSYPVCKS,AISCGETCFKFKCYTPRCSCSYPVCKS,27,A I S C G E T C F K F K C Y T P R C S C S Y P V C K S <EOS> <PAD> <PAD> <PAD>,"['A', 'I', 'S', 'C', 'G', 'E', 'T', 'C', 'F', 'K', 'F', 'K', 'C', 'Y', 'T', 'P', 'R', 'C', 'S', 'C', 'S', 'Y', 'P', 'V', 'C', 'K', 'S', '<EOS>', '<PAD>', '<PAD>', '<PAD>']"
CP00131;CP01341;CP01799,ALCAIVVIAVCA,ALCAIVVIAVCA,12,A L C A I V V I A V C A <EOS> <PAD> <PAD> <PAD> <PAD> <PAD> <PAD> <PAD> <PAD> <PAD> <PAD> <PAD> <PAD> <PAD> <PAD> <PAD> <PAD> <PAD> <PAD>,"['A', 'L', 'C', 'A', 'I', 'V', 'V', 'I', 'A', 'V', 'C', 'A', '<EOS>', '<PAD>', '<PAD>', '<PAD>', '<PAD>', '<PAD>', '<PAD>', '<PAD>', '<PAD>', '<PAD>', '<PAD>', '<PAD>', '<PAD>', '<PAD>', '<PAD>', '<PAD>', '<PAD>', '<PAD>', '<PAD>']"
CP06111,ALCCYGYRFCCPNFR,ALCCYGYRFCCPNFR,15,A L C C Y G Y R F C C P N F R <EOS> <PAD> <PAD> <PAD> <PAD> <PAD> <PAD> <PAD> <PAD> <PAD> <PAD> <PAD> <PAD> <PAD> <PAD> <PAD>,"['A', 'L', 'C', 'C', 'Y', 'G', 'Y', 'R', 'F', 'C', 'C', 'P', 'N', 'F', 'R', '<EOS>', '<PAD>', '<PAD>', '<PAD>', '<PAD>', '<PAD>', '<PAD>', '<PAD>', '<PAD>', '<PAD>', '<PAD>', '<PAD>', '<PAD>', '<PAD>', '<PAD>', '<PAD>']"
CP08674,ALCGESCSLHSHCIGFCEYCSARTYTCI,ALCGESCSLHSHCIGFCEYCSARTYTCI,28,A L C G E S C S L H S H C I G F C E Y C S A R T Y T C I <EOS> <PAD> <PAD>,"['A', 'L', 'C', 'G', 'E', 'S', 'C', 'S', 'L', 'H', 'S', 'H', 'C', 'I', 'G', 'F', 'C', 'E', 'Y', 'C', 'S', 'A', 'R', 'T', 'Y', 'T', 'C', 'I', '<EOS>', '<PAD>', '<PAD>']"
CP05673,ALFCGESCFVGSCNKSPAGCRCSYPFCIKN,ALFCGESCFVGSCNKSPAGCRCSYPFCIKN,30,A L F C G E S C F V G S C N K S P A G C R C S Y P F C I K N <EOS>,"['A', 'L', 'F', 'C', 'G', 'E', 'S', 'C', 'F', 'V', 'G', 'S', 'C', 'N', 'K', 'S', 'P', 'A', 'G', 'C', 'R', 'C', 'S', 'Y', 'P', 'F', 'C', 'I', 'K', 'N', '<EOS>']"
CP03231,ALFSILRGLKKLGNMGQAFVNCKIYKKC,ALFSILRGLKKLGNMGQAFVNCKIYKKC,28,A L F S I L R G L K K L G N M G Q A F V N C K I Y K K C <EOS> <PAD> <PAD>,"['A', 'L', 'F', 'S', 'I', 'L', 'R', 'G', 'L', 'K', 'K', 'L', 'G', 'N', 'M', 'G', 'Q', 'A', 'F', 'V', 'N', 'C', 'K', 'I', 'Y', 'K', 'K', 'C', '<EOS>', '<PAD>', '<PAD>']"
CP05662,ALICGESCFTGKCYSEVIGCGCSWPLCKKN,ALICGESCFTGKCYSEVIGCGCSWPLCKKN,30,A L I C G E S C F T G K C Y S E V I G C G C S W P L C K K N <EOS>,"['A', 'L', 'I', 'C', 'G', 'E', 'S', 'C', 'F', 'T', 'G', 'K', 'C', 'Y', 'S', 'E', 'V', 'I', 'G', 'C', 'G', 'C', 'S', 'W', 'P', 'L', 'C', 'K', 'K', 'N', '<EOS>']"
CP00538;CP00556;CP02090,ALLVTAALVLA,ALLVTAALVLA,11,A L L V T A A L V L A <EOS> <PAD> <PAD> <PAD> <PAD> <PAD> <PAD> <PAD> <PAD> <PAD> <PAD> <PAD> <PAD> <PAD> <PAD> <PAD> <PAD> <PAD> <PAD> <PAD>,"['A', 'L', 'L', 'V', 'T', 'A', 'A', 'L', 'V', 'L', 'A', '<EOS>', '<PAD>', '<PAD>', '<PAD>', '<PAD>', '<PAD>', '<PAD>', '<PAD>', '<PAD>', '<PAD>', '<PAD>', '<PAD>', '<PAD>', '<PAD>', '<PAD>', '<PAD>', '<PAD>', '<PAD>', '<PAD>', '<PAD>']"
CP00847,ALLVTAAVVLA,ALLVTAAVVLA,11,A L L V T A A V V L A <EOS> <PAD> <PAD> <PAD> <PAD> <PAD> <PAD> <PAD> <PAD> <PAD> <PAD> <PAD> <PAD> <PAD> <PAD> <PAD> <PAD> <PAD> <PAD> <PAD>,"['A', 'L', 'L', 'V', 'T', 'A', 'A', 'V', 'V', 'L', 'A', '<EOS>', '<PAD>', '<PAD>', '<PAD>', '<PAD>', '<PAD>', '<PAD>', '<PAD>', '<PAD>', '<PAD>', '<PAD>', '<PAD>', '<PAD>', '<PAD>', '<PAD>', '<PAD>', '<PAD>', '<PAD>', '<PAD>', '<PAD>']"
CP00567;CP01385,ALLVTAGLVLA,ALLVTAGLVLA,11,A L L V T A G L V L A <EOS> <PAD> <PAD> <PAD> <PAD> <PAD> <PAD> <PAD> <PAD> <PAD> <PAD> <PAD> <PAD> <PAD> <PAD> <PAD> <PAD> <PAD> <PAD> <PAD>,"['A', 'L', 'L', 'V', 'T', 'A', 'G', 'L', 'V', 'L', 'A', '<EOS>', '<PAD>', '<PAD>', '<PAD>', '<PAD>', '<PAD>', '<PAD>', '<PAD>', '<PAD>', '<PAD>', '<PAD>', '<PAD>', '<PAD>', '<PAD>', '<PAD>', '<PAD>', '<PAD>', '<PAD>', '<PAD>', '<PAD>']"
CP04807,ALLVTASLVLA,ALLVTASLVLA,11,A L L V T A S L V L A <EOS> <PAD> <PAD> <PAD> <PAD> <PAD> <PAD> <PAD> <PAD> <PAD> <PAD> <PAD> <PAD> <PAD> <PAD> <PAD> <PAD> <PAD> <PAD> <PAD>,"['A', 'L', 'L', 'V', 'T', 'A', 'S', 'L', 'V', 'L', 'A', '<EOS>', '<PAD>', '<PAD>', '<PAD>', '<PAD>', '<PAD>', '<PAD>', '<PAD>', '<PAD>', '<PAD>', '<PAD>', '<PAD>', '<PAD>', '<PAD>', '<PAD>', '<PAD>', '<PAD>', '<PAD>', '<PAD>', '<PAD>']"
CP04808,ALLVTVALVLA,ALLVTVALVLA,11,A L L V T V A L V L A <EOS> <PAD> <PAD> <PAD> <PAD> <PAD> <PAD> <PAD> <PAD> <PAD> <PAD> <PAD> <PAD> <PAD> <PAD> <PAD> <PAD> <PAD> <PAD> <PAD>,"['A', 'L', 'L', 'V', 'T', 'V', 'A', 'L', 'V', 'L', 'A', '<EOS>', '<PAD>', '<PAD>', '<PAD>', '<PAD>', '<PAD>', '<PAD>', '<PAD>', '<PAD>', '<PAD>', '<PAD>', '<PAD>', '<PAD>', '<PAD>', '<PAD>', '<PAD>', '<PAD>', '<PAD>', '<PAD>', '<PAD>']"
CP05788,ALPVCGESCFQGACYTPGCVCSWPVCVQN,ALPVCGESCFQGACYTPGCVCSWPVCVQN,29,A L P V C G E S C F Q G A C Y T P G C V C S W P V C V Q N <EOS> <PAD>,"['A', 'L', 'P', 'V', 'C', 'G', 'E', 'S', 'C', 'F', 'Q', 'G', 'A', 'C', 'Y', 'T', 'P', 'G', 'C', 'V', 'C', 'S', 'W', 'P', 'V', 'C', 'V', 'Q', 'N', '<EOS>', '<PAD>']"
CP03233,ALSILKGLEKLAKMGIALTNCKATKKC,ALSILKGLEKLAKMGIALTNCKATKKC,27,A L S I L K G L E K L A K M G I A L T N C K A T K K C <EOS> <PAD> <PAD> <PAD>,"['A', 'L', 'S', 'I', 'L', 'K', 'G', 'L', 'E', 'K', 'L', 'A', 'K', 'M', 'G', 'I', 'A', 'L', 'T', 'N', 'C', 'K', 'A', 'T', 'K', 'K', 'C', '<EOS>', '<PAD>', '<PAD>', '<PAD>']"
CP08155,AMWQECCADPPCRQNHMEHCPAN,AMWQECCADPPCRQNHMEHCPAN,23,A M W Q E C C A D P P C R Q N H M E H C P A N <EOS> <PAD> <PAD> <PAD> <PAD> <PAD> <PAD> <PAD>,"['A', 'M', 'W', 'Q', 'E', 'C', 'C', 'A', 'D', 'P', 'P', 'C', 'R', 'Q', 'N', 'H', 'M', 'E', 'H', 'C', 'P', 'A', 'N', '<EOS>', '<PAD>', '<PAD>', '<PAD>', '<PAD>', '<PAD>', '<PAD>', '<PAD>']"
CP07923,APCCSIHDNSCCGL,APCCSIHDNSCCGL,14,A P C C S I H D N S C C G L <EOS> <PAD> <PAD> <PAD> <PAD> <PAD> <PAD> <PAD> <PAD> <PAD> <PAD> <PAD> <PAD> <PAD> <PAD> <PAD> <PAD>,"['A', 'P', 'C', 'C', 'S', 'I', 'H', 'D', 'N', 'S', 'C', 'C', 'G', 'L', '<EOS>', '<PAD>', '<PAD>', '<PAD>', '<PAD>', '<PAD>', '<PAD>', '<PAD>', '<PAD>', '<PAD>', '<PAD>', '<PAD>', '<PAD>', '<PAD>', '<PAD>', '<PAD>', '<PAD>']"
CP05167,APCGESCVYIPCLLTAPIGCSCSNIVCYRN,APCGESCVYIPCLLTAPIGCSCSNIVCYRN,30,A P C G E S C V Y I P C L L T A P I G C S C S N I V C Y R N <EOS>,"['A', 'P', 'C', 'G', 'E', 'S', 'C', 'V', 'Y', 'I', 'P', 'C', 'L', 'L', 'T', 'A', 'P', 'I', 'G', 'C', 'S', 'C', 'S', 'N', 'I', 'V', 'C', 'Y', 'R', 'N', '<EOS>']"
CP07378,APNVKDSKASGSCCDNPSCAVNNRHC,APNVKDSKASGSCCDNPSCAVNNRHC,26,A P N V K D S K A S G S C C D N P S C A V N N R H C <EOS> <PAD> <PAD> <PAD> <PAD>,"['A', 'P', 'N', 'V', 'K', 'D', 'S', 'K', 'A', 'S', 'G', 'S', 'C', 'C', 'D', 'N', 'P', 'S', 'C', 'A', 'V', 'N', 'N', 'R', 'H', 'C', '<EOS>', '<PAD>', '<PAD>', '<PAD>', '<PAD>']"
CP02183,APPWLFPPLPA,APPWLFPPLPA,11,A P P W L F P P L P A <EOS> <PAD> <PAD> <PAD> <PAD> <PAD> <PAD> <PAD> <PAD> <PAD> <PAD> <PAD> <PAD> <PAD> <PAD> <PAD> <PAD> <PAD> <PAD> <PAD>,"['A', 'P', 'P', 'W', 'L', 'F', 'P', 'P', 'L', 'P', 'A', '<EOS>', '<PAD>', '<PAD>', '<PAD>', '<PAD>', '<PAD>', '<PAD>', '<PAD>', '<PAD>', '<PAD>', '<PAD>', '<PAD>', '<PAD>', '<PAD>', '<PAD>', '<PAD>', '<PAD>', '<PAD>', '<PAD>', '<PAD>']"
CP00766;CP02133,APVSFAAVLPPI,APVSFAAVLPPI,12,A P V S F A A V L P P I <EOS> <PAD> <PAD> <PAD> <PAD> <PAD> <PAD> <PAD> <PAD> <PAD> <PAD> <PAD> <PAD> <PAD> <PAD> <PAD> <PAD> <PAD> <PAD>,"['A', 'P', 'V', 'S', 'F', 'A', 'A', 'V', 'L', 'P', 'P', 'I', '<EOS>', '<PAD>', '<PAD>', '<PAD>', '<PAD>', '<PAD>', '<PAD>', '<PAD>', '<PAD>', '<PAD>', '<PAD>', '<PAD>', '<PAD>', '<PAD>', '<PAD>', '<PAD>', '<PAD>', '<PAD>', '<PAD>']"
CP06909,APWLVPSQITTCCGYNPGTMCPSCMCTNSC,APWLVPSQITTCCGYNPGTMCPSCMCTNSC,30,A P W L V P S Q I T T C C G Y N P G T M C P S C M C T N S C <EOS>,"['A', 'P', 'W', 'L', 'V', 'P', 'S', 'Q', 'I', 'T', 'T', 'C', 'C', 'G', 'Y', 'N', 'P', 'G', 'T', 'M', 'C', 'P', 'S', 'C', 'M', 'C', 'T', 'N', 'S', 'C', '<EOS>']"
CP06892,APWLVPSTITTCCGYNPGTMCPPCRCDNTC,APWLVPSTITTCCGYNPGTMCPPCRCDNTC,30,A P W L V P S T I T T C C G Y N P G T M C P P C R C D N T C <EOS>,"['A', 'P', 'W', 'L', 'V', 'P', 'S', 'T', 'I', 'T', 'T', 'C', 'C', 'G', 'Y', 'N', 'P', 'G', 'T', 'M', 'C', 'P', 'P', 'C', 'R', 'C', 'D', 'N', 'T', 'C', '<EOS>']"
CP06895,APWTVVTATTNCCGITGPGCLPCRCTQTC,APWTVVTATTNCCGITGPGCLPCRCTQTC,29,A P W T V V T A T T N C C G I T G P G C L P C R C T Q T C <EOS> <PAD>,"['A', 'P', 'W', 'T', 'V', 'V', 'T', 'A', 'T', 'T', 'N', 'C', 'C', 'G', 'I', 'T', 'G', 'P', 'G', 'C', 'L', 'P', 'C', 'R', 'C', 'T', 'Q', 'T', 'C', '<EOS>', '<PAD>']"
CP05009,ARCTKSIPPICFPD,ARCTKSIPPICFPD,14,A R C T K S I P P I C F P D <EOS> <PAD> <PAD> <PAD> <PAD> <PAD> <PAD> <PAD> <PAD> <PAD> <PAD> <PAD> <PAD> <PAD> <PAD> <PAD> <PAD>,"['A', 'R', 'C', 'T', 'K', 'S', 'I', 'P', 'P', 'I', 'C', 'F', 'P', 'D', '<EOS>', '<PAD>', '<PAD>', '<PAD>', '<PAD>', '<PAD>', '<PAD>', '<PAD>', '<PAD>', '<PAD>', '<PAD>', '<PAD>', '<PAD>', '<PAD>', '<PAD>', '<PAD>', '<PAD>']"
CP08238,ARDCKGWLEECEEENCCDPYECIGFC,ARDCKGWLEECEEENCCDPYECIGFC,26,A R D C K G W L E E C E E E N C C D P Y E C I G F C <EOS> <PAD> <PAD> <PAD> <PAD>,"['A', 'R', 'D', 'C', 'K', 'G', 'W', 'L', 'E', 'E', 'C', 'E', 'E', 'E', 'N', 'C', 'C', 'D', 'P', 'Y', 'E', 'C', 'I', 'G', 'F', 'C', '<EOS>', '<PAD>', '<PAD>', '<PAD>', '<PAD>']"
CP01680,ARRCYNDPKCSDFVQADE,ARRCYNDPKCSDFVQADE,18,A R R C Y N D P K C S D F V Q A D E <EOS> <PAD> <PAD> <PAD> <PAD> <PAD> <PAD> <PAD> <PAD> <PAD> <PAD> <PAD> <PAD>,"['A', 'R', 'R', 'C', 'Y', 'N', 'D', 'P', 'K', 'C', 'S', 'D', 'F', 'V', 'Q', 'A', 'D', 'E', '<EOS>', '<PAD>', '<PAD>', '<PAD>', '<PAD>', '<PAD>', '<PAD>', '<PAD>', '<PAD>', '<PAD>', '<PAD>', '<PAD>', '<PAD>']"
CP08351,ASGADTCCSNPACQVQHSDLC,ASGADTCCSNPACQVQHSDLC,21,A S G A D T C C S N P A C Q V Q H S D L C <EOS> <PAD> <PAD> <PAD> <PAD> <PAD> <PAD> <PAD> <PAD> <PAD>,"['A', 'S', 'G', 'A', 'D', 'T', 'C', 'C', 'S', 'N', 'P', 'A', 'C', 'Q', 'V', 'Q', 'H', 'S', 'D', 'L', 'C', '<EOS>', '<PAD>', '<PAD>', '<PAD>', '<PAD>', '<PAD>', '<PAD>', '<PAD>', '<PAD>', '<PAD>']"
CP08352,ASGADTCCSNPVCQMQHHDLC,ASGADTCCSNPVCQMQHHDLC,21,A S G A D T C C S N P V C Q M Q H H D L C <EOS> <PAD> <PAD> <PAD> <PAD> <PAD> <PAD> <PAD> <PAD> <PAD>,"['A', 'S', 'G', 'A', 'D', 'T', 'C', 'C', 'S', 'N', 'P', 'V', 'C', 'Q', 'M', 'Q', 'H', 'H', 'D', 'L', 'C', '<EOS>', '<PAD>', '<PAD>', '<PAD>', '<PAD>', '<PAD>', '<PAD>', '<PAD>', '<PAD>', '<PAD>']"
CP08153,ASNWNTRMIDCCDIPRCYNERPEECREESS,ASNWNTRMIDCCDIPRCYNERPEECREESS,30,A S N W N T R M I D C C D I P R C Y N E R P E E C R E E S S <EOS>,"['A', 'S', 'N', 'W', 'N', 'T', 'R', 'M', 'I', 'D', 'C', 'C', 'D', 'I', 'P', 'R', 'C', 'Y', 'N', 'E', 'R', 'P', 'E', 'E', 'C', 'R', 'E', 'E', 'S', 'S', '<EOS>']"
CP08226,ASRACNPPCTGLSMCQAGRCGYIRF,ASRACNPPCTGLSMCQAGRCGYIRF,25,A S R A C N P P C T G L S M C Q A G R C G Y I R F <EOS> <PAD> <PAD> <PAD> <PAD> <PAD>,"['A', 'S', 'R', 'A', 'C', 'N', 'P', 'P', 'C', 'T', 'G', 'L', 'S', 'M', 'C', 'Q', 'A', 'G', 'R', 'C', 'G', 'Y', 'I', 'R', 'F', '<EOS>', '<PAD>', '<PAD>', '<PAD>', '<PAD>', '<PAD>']"
CP08174,ASRACNPPCTGNAMCQNGHCGYIRF,ASRACNPPCTGNAMCQNGHCGYIRF,25,A S R A C N P P C T G N A M C Q N G H C G Y I R F <EOS> <PAD> <PAD> <PAD> <PAD> <PAD>,"['A', 'S', 'R', 'A', 'C', 'N', 'P', 'P', 'C', 'T', 'G', 'N', 'A', 'M', 'C', 'Q', 'N', 'G', 'H', 'C', 'G', 'Y', 'I', 'R', 'F', '<EOS>', '<PAD>', '<PAD>', '<PAD>', '<PAD>', '<PAD>']"
CP08227,ASSACPEPCAKGSTCIGKTC,ASSACPEPCAKGSTCIGKTC,20,A S S A C P E P C A K G S T C I G K T C <EOS> <PAD> <PAD> <PAD> <PAD> <PAD> <PAD> <PAD> <PAD> <PAD> <PAD>,"['A', 'S', 'S', 'A', 'C', 'P', 'E', 'P', 'C', 'A', 'K', 'G', 'S', 'T', 'C', 'I', 'G', 'K', 'T', 'C', '<EOS>', '<PAD>', '<PAD>', '<PAD>', '<PAD>', '<PAD>', '<PAD>', '<PAD>', '<PAD>', '<PAD>', '<PAD>']"
CP05750,ASSTCGKTCFGGICNTPGCSCSSWPMCMKN,ASSTCGKTCFGGICNTPGCSCSSWPMCMKN,30,A S S T C G K T C F G G I C N T P G C S C S S W P M C M K N <EOS>,"['A', 'S', 'S', 'T', 'C', 'G', 'K', 'T', 'C', 'F', 'G', 'G', 'I', 'C', 'N', 'T', 'P', 'G', 'C', 'S', 'C', 'S', 'S', 'W', 'P', 'M', 'C', 'M', 'K', 'N', '<EOS>']"
CP03221,ATNIPFKVHFRCKFC,ATNIPFKVHFRCKFC,15,A T N I P F K V H F R C K F C <EOS> <PAD> <PAD> <PAD> <PAD> <PAD> <PAD> <PAD> <PAD> <PAD> <PAD> <PAD> <PAD> <PAD> <PAD> <PAD>,"['A', 'T', 'N', 'I', 'P', 'F', 'K', 'V', 'H', 'F', 'R', 'C', 'K', 'F', 'C', '<EOS>', '<PAD>', '<PAD>', '<PAD>', '<PAD>', '<PAD>', '<PAD>', '<PAD>', '<PAD>', '<PAD>', '<PAD>', '<PAD>', '<PAD>', '<PAD>', '<PAD>', '<PAD>']"
CP03183,ATPATPTVAQFVIQGSTICLVC,ATPATPTVAQFVIQGSTICLVC,22,A T P A T P T V A Q F V I Q G S T I C L V C <EOS> <PAD> <PAD> <PAD> <PAD> <PAD> <PAD> <PAD> <PAD>,"['A', 'T', 'P', 'A', 'T', 'P', 'T', 'V', 'A', 'Q', 'F', 'V', 'I', 'Q', 'G', 'S', 'T', 'I', 'C', 'L', 'V', 'C', '<EOS>', '<PAD>', '<PAD>', '<PAD>', '<PAD>', '<PAD>', '<PAD>', '<PAD>', '<PAD>']"
CP07724,ATWDYCCPPYICDTHFPSHC,ATWDYCCPPYICDTHFPSHC,20,A T W D Y C C P P Y I C D T H F P S H C <EOS> <PAD> <PAD> <PAD> <PAD> <PAD> <PAD> <PAD> <PAD> <PAD> <PAD>,"['A', 'T', 'W', 'D', 'Y', 'C', 'C', 'P', 'P', 'Y', 'I', 'C', 'D', 'T', 'H', 'F', 'P', 'S', 'H', 'C', '<EOS>', '<PAD>', '<PAD>', '<PAD>', '<PAD>', '<PAD>', '<PAD>', '<PAD>', '<PAD>', '<PAD>', '<PAD>']"
CP02067,AVAVTVVVVVAVVGVAVG,AVAVTVVVVVAVVGVAVG,18,A V A V T V V V V V A V V G V A V G <EOS> <PAD> <PAD> <PAD> <PAD> <PAD> <PAD> <PAD> <PAD> <PAD> <PAD> <PAD> <PAD>,"['A', 'V', 'A', 'V', 'T', 'V', 'V', 'V', 'V', 'V', 'A', 'V', 'V', 'G', 'V', 'A', 'V', 'G', '<EOS>', '<PAD>', '<PAD>', '<PAD>', '<PAD>', '<PAD>', '<PAD>', '<PAD>', '<PAD>', '<PAD>', '<PAD>', '<PAD>', '<PAD>']"
CP05637,AVPCGESCVIIPCFTGIVGCGCTNKVCYIN,AVPCGESCVIIPCFTGIVGCGCTNKVCYIN,30,A V P C G E S C V I I P C F T G I V G C G C T N K V C Y I N <EOS>,"['A', 'V', 'P', 'C', 'G', 'E', 'S', 'C', 'V', 'I', 'I', 'P', 'C', 'F', 'T', 'G', 'I', 'V', 'G', 'C', 'G', 'C', 'T', 'N', 'K', 'V', 'C', 'Y', 'I', 'N', '<EOS>']"
CP05677,AVPCGESCVWIPCISSIAGCSCSNSVCYLN,AVPCGESCVWIPCISSIAGCSCSNSVCYLN,30,A V P C G E S C V W I P C I S S I A G C S C S N S V C Y L N <EOS>,"['A', 'V', 'P', 'C', 'G', 'E', 'S', 'C', 'V', 'W', 'I', 'P', 'C', 'I', 'S', 'S', 'I', 'A', 'G', 'C', 'S', 'C', 'S', 'N', 'S', 'V', 'C', 'Y', 'L', 'N', '<EOS>']"
CP03726,AWCARVCYRGICYRRCR,AWCARVCYRGICYRRCR,17,A W C A R V C Y R G I C Y R R C R <EOS> <PAD> <PAD> <PAD> <PAD> <PAD> <PAD> <PAD> <PAD> <PAD> <PAD> <PAD> <PAD> <PAD>,"['A', 'W', 'C', 'A', 'R', 'V', 'C', 'Y', 'R', 'G', 'I', 'C', 'Y', 'R', 'R', 'C', 'R', '<EOS>', '<PAD>', '<PAD>', '<PAD>', '<PAD>', '<PAD>', '<PAD>', '<PAD>', '<PAD>', '<PAD>', '<PAD>', '<PAD>', '<PAD>', '<PAD>']"
CP03727,AWCFRVCARGICYRRCR,AWCFRVCARGICYRRCR,17,A W C F R V C A R G I C Y R R C R <EOS> <PAD> <PAD> <PAD> <PAD> <PAD> <PAD> <PAD> <PAD> <PAD> <PAD> <PAD> <PAD> <PAD>,"['A', 'W', 'C', 'F', 'R', 'V', 'C', 'A', 'R', 'G', 'I', 'C', 'Y', 'R', 'R', 'C', 'R', '<EOS>', '<PAD>', '<PAD>', '<PAD>', '<PAD>', '<PAD>', '<PAD>', '<PAD>', '<PAD>', '<PAD>', '<PAD>', '<PAD>', '<PAD>', '<PAD>']"
CP03728,AWCFRVCYRGACYRRCR,AWCFRVCYRGACYRRCR,17,A W C F R V C Y R G A C Y R R C R <EOS> <PAD> <PAD> <PAD> <PAD> <PAD> <PAD> <PAD> <PAD> <PAD> <PAD> <PAD> <PAD> <PAD>,"['A', 'W', 'C', 'F', 'R', 'V', 'C', 'Y', 'R', 'G', 'A', 'C', 'Y', 'R', 'R', 'C', 'R', '<EOS>', '<PAD>', '<PAD>', '<PAD>', '<PAD>', '<PAD>', '<PAD>', '<PAD>', '<PAD>', '<PAD>', '<PAD>', '<PAD>', '<PAD>', '<PAD>']"
CP06923,AYCCHPACGKNFDC,AYCCHPACGKNFDC,14,A Y C C H P A C G K N F D C <EOS> <PAD> <PAD> <PAD> <PAD> <PAD> <PAD> <PAD> <PAD> <PAD> <PAD> <PAD> <PAD> <PAD> <PAD> <PAD> <PAD>,"['A', 'Y', 'C', 'C', 'H', 'P', 'A', 'C', 'G', 'K', 'N', 'F', 'D', 'C', '<EOS>', '<PAD>', '<PAD>', '<PAD>', '<PAD>', '<PAD>', '<PAD>', '<PAD>', '<PAD>', '<PAD>', '<PAD>', '<PAD>', '<PAD>', '<PAD>', '<PAD>', '<PAD>', '<PAD>']"
CP06925,AYCCHPACGPNYSCGTSCS,AYCCHPACGPNYSCGTSCS,19,A Y C C H P A C G P N Y S C G T S C S <EOS> <PAD> <PAD> <PAD> <PAD> <PAD> <PAD> <PAD> <PAD> <PAD> <PAD> <PAD>,"['A', 'Y', 'C', 'C', 'H', 'P', 'A', 'C', 'G', 'P', 'N', 'Y', 'S', 'C', 'G', 'T', 'S', 'C', 'S', '<EOS>', '<PAD>', '<PAD>', '<PAD>', '<PAD>', '<PAD>', '<PAD>', '<PAD>', '<PAD>', '<PAD>', '<PAD>', '<PAD>']"
CP09147;CP09231,CAAFGSFCGLPGLVDCCSGRCFIVCLL,CAAFGSFCGLPGLVDCCSGRCFIVCLL,27,C A A F G S F C G L P G L V D C C S G R C F I V C L L <EOS> <PAD> <PAD> <PAD>,"['C', 'A', 'A', 'F', 'G', 'S', 'F', 'C', 'G', 'L', 'P', 'G', 'L', 'V', 'D', 'C', 'C', 'S', 'G', 'R', 'C', 'F', 'I', 'V', 'C', 'L', 'L', '<EOS>', '<PAD>', '<PAD>', '<PAD>']"
CP08181,CAAPGASCSKYDNECCDACLLQYPNPPVC,CAAPGASCSKYDNECCDACLLQYPNPPVC,29,C A A P G A S C S K Y D N E C C D A C L L Q Y P N P P V C <EOS> <PAD>,"['C', 'A', 'A', 'P', 'G', 'A', 'S', 'C', 'S', 'K', 'Y', 'D', 'N', 'E', 'C', 'C', 'D', 'A', 'C', 'L', 'L', 'Q', 'Y', 'P', 'N', 'P', 'P', 'V', 'C', '<EOS>', '<PAD>']"
CP02902;CP04816,CAETCIYIPCFTEAVGCKCKDKVCYKN,CAETCIYIPCFTEAVGCKCKDKVCYKN,27,C A E T C I Y I P C F T E A V G C K C K D K V C Y K N <EOS> <PAD> <PAD> <PAD>,"['C', 'A', 'E', 'T', 'C', 'I', 'Y', 'I', 'P', 'C', 'F', 'T', 'E', 'A', 'V', 'G', 'C', 'K', 'C', 'K', 'D', 'K', 'V', 'C', 'Y', 'K', 'N', '<EOS>', '<PAD>', '<PAD>', '<PAD>']"
CP02901,CAETCVVLPCFIVPGCSCKSSVCYFN,CAETCVVLPCFIVPGCSCKSSVCYFN,26,C A E T C V V L P C F I V P G C S C K S S V C Y F N <EOS> <PAD> <PAD> <PAD> <PAD>,"['C', 'A', 'E', 'T', 'C', 'V', 'V', 'L', 'P', 'C', 'F', 'I', 'V', 'P', 'G', 'C', 'S', 'C', 'K', 'S', 'S', 'V', 'C', 'Y', 'F', 'N', '<EOS>', '<PAD>', '<PAD>', '<PAD>', '<PAD>']"
CP07919,CAGIGSFCGLPGLVDCCSDRCFIVCLP,CAGIGSFCGLPGLVDCCSDRCFIVCLP,27,C A G I G S F C G L P G L V D C C S D R C F I V C L P <EOS> <PAD> <PAD> <PAD>,"['C', 'A', 'G', 'I', 'G', 'S', 'F', 'C', 'G', 'L', 'P', 'G', 'L', 'V', 'D', 'C', 'C', 'S', 'D', 'R', 'C', 'F', 'I', 'V', 'C', 'L', 'P', '<EOS>', '<PAD>', '<PAD>', '<PAD>']"
CP03634,CAKAKAKAGSGAKAKAKAC,CAKAKAKAGSGAKAKAKAC,19,C A K A K A K A G S G A K A K A K A C <EOS> <PAD> <PAD> <PAD> <PAD> <PAD> <PAD> <PAD> <PAD> <PAD> <PAD> <PAD>,"['C', 'A', 'K', 'A', 'K', 'A', 'K', 'A', 'G', 'S', 'G', 'A', 'K', 'A', 'K', 'A', 'K', 'A', 'C', '<EOS>', '<PAD>', '<PAD>', '<PAD>', '<PAD>', '<PAD>', '<PAD>', '<PAD>', '<PAD>', '<PAD>', '<PAD>', '<PAD>']"
CP06339,CAPFLHLCTFFFPNCCNGYCVQFICL,CAPFLHLCTFFFPNCCNGYCVQFICL,26,C A P F L H L C T F F F P N C C N G Y C V Q F I C L <EOS> <PAD> <PAD> <PAD> <PAD>,"['C', 'A', 'P', 'F', 'L', 'H', 'L', 'C', 'T', 'F', 'F', 'F', 'P', 'N', 'C', 'C', 'N', 'G', 'Y', 'C', 'V', 'Q', 'F', 'I', 'C', 'L', '<EOS>', '<PAD>', '<PAD>', '<PAD>', '<PAD>']"
CP06332,CAQSSELCDALDSDCCSGVCMVFFCL,CAQSSELCDALDSDCCSGVCMVFFCL,26,C A Q S S E L C D A L D S D C C S G V C M V F F C L <EOS> <PAD> <PAD> <PAD> <PAD>,"['C', 'A', 'Q', 'S', 'S', 'E', 'L', 'C', 'D', 'A', 'L', 'D', 'S', 'D', 'C', 'C', 'S', 'G', 'V', 'C', 'M', 'V', 'F', 'F', 'C', 'L', '<EOS>', '<PAD>', '<PAD>', '<PAD>', '<PAD>']"
CP07196,CATYGKPCGIQNDCCNICDPARRTCT,CATYGKPCGIQNDCCNICDPARRTCT,26,C A T Y G K P C G I Q N D C C N I C D P A R R T C T <EOS> <PAD> <PAD> <PAD> <PAD>,"['C', 'A', 'T', 'Y', 'G', 'K', 'P', 'C', 'G', 'I', 'Q', 'N', 'D', 'C', 'C', 'N', 'I', 'C', 'D', 'P', 'A', 'R', 'R', 'T', 'C', 'T', '<EOS>', '<PAD>', '<PAD>', '<PAD>', '<PAD>']"
CP09015;CP09019,CCDDSECDYSCWPCCIFS,CCDDSECDYSCWPCCIFS,18,C C D D S E C D Y S C W P C C I F S <EOS> <PAD> <PAD> <PAD> <PAD> <PAD> <PAD> <PAD> <PAD> <PAD> <PAD> <PAD> <PAD>,"['C', 'C', 'D', 'D', 'S', 'E', 'C', 'D', 'Y', 'S', 'C', 'W', 'P', 'C', 'C', 'I', 'F', 'S', '<EOS>', '<PAD>', '<PAD>', '<PAD>', '<PAD>', '<PAD>', '<PAD>', '<PAD>', '<PAD>', '<PAD>', '<PAD>', '<PAD>', '<PAD>']"
CP08883;CP09012;CP09027;CP09029;CP09139,CCDDSECSYSCWPCCY,CCDDSECSYSCWPCCY,16,C C D D S E C S Y S C W P C C Y <EOS> <PAD> <PAD> <PAD> <PAD> <PAD> <PAD> <PAD> <PAD> <PAD> <PAD> <PAD> <PAD> <PAD> <PAD>,"['C', 'C', 'D', 'D', 'S', 'E', 'C', 'S', 'Y', 'S', 'C', 'W', 'P', 'C', 'C', 'Y', '<EOS>', '<PAD>', '<PAD>', '<PAD>', '<PAD>', '<PAD>', '<PAD>', '<PAD>', '<PAD>', '<PAD>', '<PAD>', '<PAD>', '<PAD>', '<PAD>', '<PAD>']"
CP07311,CCDLPCNAGCVPCC,CCDLPCNAGCVPCC,14,C C D L P C N A G C V P C C <EOS> <PAD> <PAD> <PAD> <PAD> <PAD> <PAD> <PAD> <PAD> <PAD> <PAD> <PAD> <PAD> <PAD> <PAD> <PAD> <PAD>,"['C', 'C', 'D', 'L', 'P', 'C', 'N', 'A', 'G', 'C', 'V', 'P', 'C', 'C', '<EOS>', '<PAD>', '<PAD>', '<PAD>', '<PAD>', '<PAD>', '<PAD>', '<PAD>', '<PAD>', '<PAD>', '<PAD>', '<PAD>', '<PAD>', '<PAD>', '<PAD>', '<PAD>', '<PAD>']"
CP07312,CCDRPCGIGCVPCCLP,CCDRPCGIGCVPCCLP,16,C C D R P C G I G C V P C C L P <EOS> <PAD> <PAD> <PAD> <PAD> <PAD> <PAD> <PAD> <PAD> <PAD> <PAD> <PAD> <PAD> <PAD> <PAD>,"['C', 'C', 'D', 'R', 'P', 'C', 'G', 'I', 'G', 'C', 'V', 'P', 'C', 'C', 'L', 'P', '<EOS>', '<PAD>', '<PAD>', '<PAD>', '<PAD>', '<PAD>', '<PAD>', '<PAD>', '<PAD>', '<PAD>', '<PAD>', '<PAD>', '<PAD>', '<PAD>', '<PAD>']"
CP07644,CCDRPCISSCSGRCC,CCDRPCISSCSGRCC,15,C C D R P C I S S C S G R C C <EOS> <PAD> <PAD> <PAD> <PAD> <PAD> <PAD> <PAD> <PAD> <PAD> <PAD> <PAD> <PAD> <PAD> <PAD> <PAD>,"['C', 'C', 'D', 'R', 'P', 'C', 'I', 'S', 'S', 'C', 'S', 'G', 'R', 'C', 'C', '<EOS>', '<PAD>', '<PAD>', '<PAD>', '<PAD>', '<PAD>', '<PAD>', '<PAD>', '<PAD>', '<PAD>', '<PAD>', '<PAD>', '<PAD>', '<PAD>', '<PAD>', '<PAD>']"
CP07304,CCDWPCGIGCIPCCLP,CCDWPCGIGCIPCCLP,16,C C D W P C G I G C I P C C L P <EOS> <PAD> <PAD> <PAD> <PAD> <PAD> <PAD> <PAD> <PAD> <PAD> <PAD> <PAD> <PAD> <PAD> <PAD>,"['C', 'C', 'D', 'W', 'P', 'C', 'G', 'I', 'G', 'C', 'I', 'P', 'C', 'C', 'L', 'P', '<EOS>', '<PAD>', '<PAD>', '<PAD>', '<PAD>', '<PAD>', '<PAD>', '<PAD>', '<PAD>', '<PAD>', '<PAD>', '<PAD>', '<PAD>', '<PAD>', '<PAD>']"
CP06370,CCDWPCTIGCVPCCLP,CCDWPCTIGCVPCCLP,16,C C D W P C T I G C V P C C L P <EOS> <PAD> <PAD> <PAD> <PAD> <PAD> <PAD> <PAD> <PAD> <PAD> <PAD> <PAD> <PAD> <PAD> <PAD>,"['C', 'C', 'D', 'W', 'P', 'C', 'T', 'I', 'G', 'C', 'V', 'P', 'C', 'C', 'L', 'P', '<EOS>', '<PAD>', '<PAD>', '<PAD>', '<PAD>', '<PAD>', '<PAD>', '<PAD>', '<PAD>', '<PAD>', '<PAD>', '<PAD>', '<PAD>', '<PAD>', '<PAD>']"
CP07324,CCEADCPMCQDMLCC,CCEADCPMCQDMLCC,15,C C E A D C P M C Q D M L C C <EOS> <PAD> <PAD> <PAD> <PAD> <PAD> <PAD> <PAD> <PAD> <PAD> <PAD> <PAD> <PAD> <PAD> <PAD> <PAD>,"['C', 'C', 'E', 'A', 'D', 'C', 'P', 'M', 'C', 'Q', 'D', 'M', 'L', 'C', 'C', '<EOS>', '<PAD>', '<PAD>', '<PAD>', '<PAD>', '<PAD>', '<PAD>', '<PAD>', '<PAD>', '<PAD>', '<PAD>', '<PAD>', '<PAD>', '<PAD>', '<PAD>', '<PAD>']"
CP07251,CCEAPFCNAGCTCCNP,CCEAPFCNAGCTCCNP,16,C C E A P F C N A G C T C C N P <EOS> <PAD> <PAD> <PAD> <PAD> <PAD> <PAD> <PAD> <PAD> <PAD> <PAD> <PAD> <PAD> <PAD> <PAD>,"['C', 'C', 'E', 'A', 'P', 'F', 'C', 'N', 'A', 'G', 'C', 'T', 'C', 'C', 'N', 'P', '<EOS>', '<PAD>', '<PAD>', '<PAD>', '<PAD>', '<PAD>', '<PAD>', '<PAD>', '<PAD>', '<PAD>', '<PAD>', '<PAD>', '<PAD>', '<PAD>', '<PAD>']"
CP07252,CCEEPFCNAGCACCNP,CCEEPFCNAGCACCNP,16,C C E E P F C N A G C A C C N P <EOS> <PAD> <PAD> <PAD> <PAD> <PAD> <PAD> <PAD> <PAD> <PAD> <PAD> <PAD> <PAD> <PAD> <PAD>,"['C', 'C', 'E', 'E', 'P', 'F', 'C', 'N', 'A', 'G', 'C', 'A', 'C', 'C', 'N', 'P', '<EOS>', '<PAD>', '<PAD>', '<PAD>', '<PAD>', '<PAD>', '<PAD>', '<PAD>', '<PAD>', '<PAD>', '<PAD>', '<PAD>', '<PAD>', '<PAD>', '<PAD>']"
CP05938,CCELPCHGCVPCCWP,CCELPCHGCVPCCWP,15,C C E L P C H G C V P C C W P <EOS> <PAD> <PAD> <PAD> <PAD> <PAD> <PAD> <PAD> <PAD> <PAD> <PAD> <PAD> <PAD> <PAD> <PAD> <PAD>,"['C', 'C', 'E', 'L', 'P', 'C', 'H', 'G', 'C', 'V', 'P', 'C', 'C', 'W', 'P', '<EOS>', '<PAD>', '<PAD>', '<PAD>', '<PAD>', '<PAD>', '<PAD>', '<PAD>', '<PAD>', '<PAD>', '<PAD>', '<PAD>', '<PAD>', '<PAD>', '<PAD>', '<PAD>']"
CP06168,CCEPQWCDGACDCCS,CCEPQWCDGACDCCS,15,C C E P Q W C D G A C D C C S <EOS> <PAD> <PAD> <PAD> <PAD> <PAD> <PAD> <PAD> <PAD> <PAD> <PAD> <PAD> <PAD> <PAD> <PAD> <PAD>,"['C', 'C', 'E', 'P', 'Q', 'W', 'C', 'D', 'G', 'A', 'C', 'D', 'C', 'C', 'S', '<EOS>', '<PAD>', '<PAD>', '<PAD>', '<PAD>', '<PAD>', '<PAD>', '<PAD>', '<PAD>', '<PAD>', '<PAD>', '<PAD>', '<PAD>', '<PAD>', '<PAD>', '<PAD>']"
CP01068,CCEYCCNPACTGCY,CCEYCCNPACTGCY,14,C C E Y C C N P A C T G C Y <EOS> <PAD> <PAD> <PAD> <PAD> <PAD> <PAD> <PAD> <PAD> <PAD> <PAD> <PAD> <PAD> <PAD> <PAD> <PAD> <PAD>,"['C', 'C', 'E', 'Y', 'C', 'C', 'N', 'P', 'A', 'C', 'T', 'G', 'C', 'Y', '<EOS>', '<PAD>', '<PAD>', '<PAD>', '<PAD>', '<PAD>', '<PAD>', '<PAD>', '<PAD>', '<PAD>', '<PAD>', '<PAD>', '<PAD>', '<PAD>', '<PAD>', '<PAD>', '<PAD>']"
CP06953,CCFLSGCFECW,CCFLSGCFECW,11,C C F L S G C F E C W <EOS> <PAD> <PAD> <PAD> <PAD> <PAD> <PAD> <PAD> <PAD> <PAD> <PAD> <PAD> <PAD> <PAD> <PAD> <PAD> <PAD> <PAD> <PAD> <PAD>,"['C', 'C', 'F', 'L', 'S', 'G', 'C', 'F', 'E', 'C', 'W', '<EOS>', '<PAD>', '<PAD>', '<PAD>', '<PAD>', '<PAD>', '<PAD>', '<PAD>', '<PAD>', '<PAD>', '<PAD>', '<PAD>', '<PAD>', '<PAD>', '<PAD>', '<PAD>', '<PAD>', '<PAD>', '<PAD>', '<PAD>']"
CP07277,CCFWPACWGCVCCY,CCFWPACWGCVCCY,14,C C F W P A C W G C V C C Y <EOS> <PAD> <PAD> <PAD> <PAD> <PAD> <PAD> <PAD> <PAD> <PAD> <PAD> <PAD> <PAD> <PAD> <PAD> <PAD> <PAD>,"['C', 'C', 'F', 'W', 'P', 'A', 'C', 'W', 'G', 'C', 'V', 'C', 'C', 'Y', '<EOS>', '<PAD>', '<PAD>', '<PAD>', '<PAD>', '<PAD>', '<PAD>', '<PAD>', '<PAD>', '<PAD>', '<PAD>', '<PAD>', '<PAD>', '<PAD>', '<PAD>', '<PAD>', '<PAD>']"
CP07274,CCFWPDCRGCYCCL,CCFWPDCRGCYCCL,14,C C F W P D C R G C Y C C L <EOS> <PAD> <PAD> <PAD> <PAD> <PAD> <PAD> <PAD> <PAD> <PAD> <PAD> <PAD> <PAD> <PAD> <PAD> <PAD> <PAD>,"['C', 'C', 'F', 'W', 'P', 'D', 'C', 'R', 'G', 'C', 'Y', 'C', 'C', 'L', '<EOS>', '<PAD>', '<PAD>', '<PAD>', '<PAD>', '<PAD>', '<PAD>', '<PAD>', '<PAD>', '<PAD>', '<PAD>', '<PAD>', '<PAD>', '<PAD>', '<PAD>', '<PAD>', '<PAD>']"
CP07276,CCFWPMCGGCDCCYL,CCFWPMCGGCDCCYL,15,C C F W P M C G G C D C C Y L <EOS> <PAD> <PAD> <PAD> <PAD> <PAD> <PAD> <PAD> <PAD> <PAD> <PAD> <PAD> <PAD> <PAD> <PAD> <PAD>,"['C', 'C', 'F', 'W', 'P', 'M', 'C', 'G', 'G', 'C', 'D', 'C', 'C', 'Y', 'L', '<EOS>', '<PAD>', '<PAD>', '<PAD>', '<PAD>', '<PAD>', '<PAD>', '<PAD>', '<PAD>', '<PAD>', '<PAD>', '<PAD>', '<PAD>', '<PAD>', '<PAD>', '<PAD>']"
CP07530,CCGKPNAACHPCVCNGSCS,CCGKPNAACHPCVCNGSCS,19,C C G K P N A A C H P C V C N G S C S <EOS> <PAD> <PAD> <PAD> <PAD> <PAD> <PAD> <PAD> <PAD> <PAD> <PAD> <PAD>,"['C', 'C', 'G', 'K', 'P', 'N', 'A', 'A', 'C', 'H', 'P', 'C', 'V', 'C', 'N', 'G', 'S', 'C', 'S', '<EOS>', '<PAD>', '<PAD>', '<PAD>', '<PAD>', '<PAD>', '<PAD>', '<PAD>', '<PAD>', '<PAD>', '<PAD>', '<PAD>']"
CP07528,CCGKPNDCLPSFAFVNGSCN,CCGKPNDCLPSFAFVNGSCN,20,C C G K P N D C L P S F A F V N G S C N <EOS> <PAD> <PAD> <PAD> <PAD> <PAD> <PAD> <PAD> <PAD> <PAD> <PAD>,"['C', 'C', 'G', 'K', 'P', 'N', 'D', 'C', 'L', 'P', 'S', 'F', 'A', 'F', 'V', 'N', 'G', 'S', 'C', 'N', '<EOS>', '<PAD>', '<PAD>', '<PAD>', '<PAD>', '<PAD>', '<PAD>', '<PAD>', '<PAD>', '<PAD>', '<PAD>']"
CP07531,CCGKPTSACHPCVCNGSCSG,CCGKPTSACHPCVCNGSCSG,20,C C G K P T S A C H P C V C N G S C S G <EOS> <PAD> <PAD> <PAD> <PAD> <PAD> <PAD> <PAD> <PAD> <PAD> <PAD>,"['C', 'C', 'G', 'K', 'P', 'T', 'S', 'A', 'C', 'H', 'P', 'C', 'V', 'C', 'N', 'G', 'S', 'C', 'S', 'G', '<EOS>', '<PAD>', '<PAD>', '<PAD>', '<PAD>', '<PAD>', '<PAD>', '<PAD>', '<PAD>', '<PAD>', '<PAD>']"
CP07650,CCGNPPCAHVNCR,CCGNPPCAHVNCR,13,C C G N P P C A H V N C R <EOS> <PAD> <PAD> <PAD> <PAD> <PAD> <PAD> <PAD> <PAD> <PAD> <PAD> <PAD> <PAD> <PAD> <PAD> <PAD> <PAD> <PAD>,"['C', 'C', 'G', 'N', 'P', 'P', 'C', 'A', 'H', 'V', 'N', 'C', 'R', '<EOS>', '<PAD>', '<PAD>', '<PAD>', '<PAD>', '<PAD>', '<PAD>', '<PAD>', '<PAD>', '<PAD>', '<PAD>', '<PAD>', '<PAD>', '<PAD>', '<PAD>', '<PAD>', '<PAD>', '<PAD>']"
CP07310,CCGPTACLAGCKPCCY,CCGPTACLAGCKPCCY,16,C C G P T A C L A G C K P C C Y <EOS> <PAD> <PAD> <PAD> <PAD> <PAD> <PAD> <PAD> <PAD> <PAD> <PAD> <PAD> <PAD> <PAD> <PAD>,"['C', 'C', 'G', 'P', 'T', 'A', 'C', 'L', 'A', 'G', 'C', 'K', 'P', 'C', 'C', 'Y', '<EOS>', '<PAD>', '<PAD>', '<PAD>', '<PAD>', '<PAD>', '<PAD>', '<PAD>', '<PAD>', '<PAD>', '<PAD>', '<PAD>', '<PAD>', '<PAD>', '<PAD>']"
CP06373,CCGPTACMAGCRPCC,CCGPTACMAGCRPCC,15,C C G P T A C M A G C R P C C <EOS> <PAD> <PAD> <PAD> <PAD> <PAD> <PAD> <PAD> <PAD> <PAD> <PAD> <PAD> <PAD> <PAD> <PAD> <PAD>,"['C', 'C', 'G', 'P', 'T', 'A', 'C', 'M', 'A', 'G', 'C', 'R', 'P', 'C', 'C', '<EOS>', '<PAD>', '<PAD>', '<PAD>', '<PAD>', '<PAD>', '<PAD>', '<PAD>', '<PAD>', '<PAD>', '<PAD>', '<PAD>', '<PAD>', '<PAD>', '<PAD>', '<PAD>']"
CP08951;CP09210,CCHAPYCTPPHLGCPCC,CCHAPYCTPPHLGCPCC,17,C C H A P Y C T P P H L G C P C C <EOS> <PAD> <PAD> <PAD> <PAD> <PAD> <PAD> <PAD> <PAD> <PAD> <PAD> <PAD> <PAD> <PAD>,"['C', 'C', 'H', 'A', 'P', 'Y', 'C', 'T', 'P', 'P', 'H', 'L', 'G', 'C', 'P', 'C', 'C', '<EOS>', '<PAD>', '<PAD>', '<PAD>', '<PAD>', '<PAD>', '<PAD>', '<PAD>', '<PAD>', '<PAD>', '<PAD>', '<PAD>', '<PAD>', '<PAD>']"
CP06907,CCHPACAERYNC,CCHPACAERYNC,12,C C H P A C A E R Y N C <EOS> <PAD> <PAD> <PAD> <PAD> <PAD> <PAD> <PAD> <PAD> <PAD> <PAD> <PAD> <PAD> <PAD> <PAD> <PAD> <PAD> <PAD> <PAD>,"['C', 'C', 'H', 'P', 'A', 'C', 'A', 'E', 'R', 'Y', 'N', 'C', '<EOS>', '<PAD>', '<PAD>', '<PAD>', '<PAD>', '<PAD>', '<PAD>', '<PAD>', '<PAD>', '<PAD>', '<PAD>', '<PAD>', '<PAD>', '<PAD>', '<PAD>', '<PAD>', '<PAD>', '<PAD>', '<PAD>']"
CP06312,CCHPACGQNYSC,CCHPACGQNYSC,12,C C H P A C G Q N Y S C <EOS> <PAD> <PAD> <PAD> <PAD> <PAD> <PAD> <PAD> <PAD> <PAD> <PAD> <PAD> <PAD> <PAD> <PAD> <PAD> <PAD> <PAD> <PAD>,"['C', 'C', 'H', 'P', 'A', 'C', 'G', 'Q', 'N', 'Y', 'S', 'C', '<EOS>', '<PAD>', '<PAD>', '<PAD>', '<PAD>', '<PAD>', '<PAD>', '<PAD>', '<PAD>', '<PAD>', '<PAD>', '<PAD>', '<PAD>', '<PAD>', '<PAD>', '<PAD>', '<PAD>', '<PAD>', '<PAD>']"
CP08924;CP08926,CCHPACGRKYNC,CCHPACGRKYNC,12,C C H P A C G R K Y N C <EOS> <PAD> <PAD> <PAD> <PAD> <PAD> <PAD> <PAD> <PAD> <PAD> <PAD> <PAD> <PAD> <PAD> <PAD> <PAD> <PAD> <PAD> <PAD>,"['C', 'C', 'H', 'P', 'A', 'C', 'G', 'R', 'K', 'Y', 'N', 'C', '<EOS>', '<PAD>', '<PAD>', '<PAD>', '<PAD>', '<PAD>', '<PAD>', '<PAD>', '<PAD>', '<PAD>', '<PAD>', '<PAD>', '<PAD>', '<PAD>', '<PAD>', '<PAD>', '<PAD>', '<PAD>', '<PAD>']"
CP08372,CCHPNLCIGRSALGRKCTCC,CCHPNLCIGRSALGRKCTCC,20,C C H P N L C I G R S A L G R K C T C C <EOS> <PAD> <PAD> <PAD> <PAD> <PAD> <PAD> <PAD> <PAD> <PAD> <PAD>,"['C', 'C', 'H', 'P', 'N', 'L', 'C', 'I', 'G', 'R', 'S', 'A', 'L', 'G', 'R', 'K', 'C', 'T', 'C', 'C', '<EOS>', '<PAD>', '<PAD>', '<PAD>', '<PAD>', '<PAD>', '<PAD>', '<PAD>', '<PAD>', '<PAD>', '<PAD>']"
CP06891,CCHPSCGRKYNC,CCHPSCGRKYNC,12,C C H P S C G R K Y N C <EOS> <PAD> <PAD> <PAD> <PAD> <PAD> <PAD> <PAD> <PAD> <PAD> <PAD> <PAD> <PAD> <PAD> <PAD> <PAD> <PAD> <PAD> <PAD>,"['C', 'C', 'H', 'P', 'S', 'C', 'G', 'R', 'K', 'Y', 'N', 'C', '<EOS>', '<PAD>', '<PAD>', '<PAD>', '<PAD>', '<PAD>', '<PAD>', '<PAD>', '<PAD>', '<PAD>', '<PAD>', '<PAD>', '<PAD>', '<PAD>', '<PAD>', '<PAD>', '<PAD>', '<PAD>', '<PAD>']"
CP07432,CCHRNWCDHLCSCCGS,CCHRNWCDHLCSCCGS,16,C C H R N W C D H L C S C C G S <EOS> <PAD> <PAD> <PAD> <PAD> <PAD> <PAD> <PAD> <PAD> <PAD> <PAD> <PAD> <PAD> <PAD> <PAD>,"['C', 'C', 'H', 'R', 'N', 'W', 'C', 'D', 'H', 'L', 'C', 'S', 'C', 'C', 'G', 'S', '<EOS>', '<PAD>', '<PAD>', '<PAD>', '<PAD>', '<PAD>', '<PAD>', '<PAD>', '<PAD>', '<PAD>', '<PAD>', '<PAD>', '<PAD>', '<PAD>', '<PAD>']"
CP06261,CCHSSWCKHLC,CCHSSWCKHLC,11,C C H S S W C K H L C <EOS> <PAD> <PAD> <PAD> <PAD> <PAD> <PAD> <PAD> <PAD> <PAD> <PAD> <PAD> <PAD> <PAD> <PAD> <PAD> <PAD> <PAD> <PAD> <PAD>,"['C', 'C', 'H', 'S', 'S', 'W', 'C', 'K', 'H', 'L', 'C', '<EOS>', '<PAD>', '<PAD>', '<PAD>', '<PAD>', '<PAD>', '<PAD>', '<PAD>', '<PAD>', '<PAD>', '<PAD>', '<PAD>', '<PAD>', '<PAD>', '<PAD>', '<PAD>', '<PAD>', '<PAD>', '<PAD>', '<PAD>']"
CP07727,CCHWNWCDHLCLCCGS,CCHWNWCDHLCLCCGS,16,C C H W N W C D H L C L C C G S <EOS> <PAD> <PAD> <PAD> <PAD> <PAD> <PAD> <PAD> <PAD> <PAD> <PAD> <PAD> <PAD> <PAD> <PAD>,"['C', 'C', 'H', 'W', 'N', 'W', 'C', 'D', 'H', 'L', 'C', 'L', 'C', 'C', 'G', 'S', '<EOS>', '<PAD>', '<PAD>', '<PAD>', '<PAD>', '<PAD>', '<PAD>', '<PAD>', '<PAD>', '<PAD>', '<PAD>', '<PAD>', '<PAD>', '<PAD>', '<PAD>']"
CP07199,CCHWPYCAPPPLGCRCC,CCHWPYCAPPPLGCRCC,17,C C H W P Y C A P P P L G C R C C <EOS> <PAD> <PAD> <PAD> <PAD> <PAD> <PAD> <PAD> <PAD> <PAD> <PAD> <PAD> <PAD> <PAD>,"['C', 'C', 'H', 'W', 'P', 'Y', 'C', 'A', 'P', 'P', 'P', 'L', 'G', 'C', 'R', 'C', 'C', '<EOS>', '<PAD>', '<PAD>', '<PAD>', '<PAD>', '<PAD>', '<PAD>', '<PAD>', '<PAD>', '<PAD>', '<PAD>', '<PAD>', '<PAD>', '<PAD>']"
CP07248,CCIGPKCMEECYCCV,CCIGPKCMEECYCCV,15,C C I G P K C M E E C Y C C V <EOS> <PAD> <PAD> <PAD> <PAD> <PAD> <PAD> <PAD> <PAD> <PAD> <PAD> <PAD> <PAD> <PAD> <PAD> <PAD>,"['C', 'C', 'I', 'G', 'P', 'K', 'C', 'M', 'E', 'E', 'C', 'Y', 'C', 'C', 'V', '<EOS>', '<PAD>', '<PAD>', '<PAD>', '<PAD>', '<PAD>', '<PAD>', '<PAD>', '<PAD>', '<PAD>', '<PAD>', '<PAD>', '<PAD>', '<PAD>', '<PAD>', '<PAD>']"
CP07342,CCIKFHPCCHN,CCIKFHPCCHN,11,C C I K F H P C C H N <EOS> <PAD> <PAD> <PAD> <PAD> <PAD> <PAD> <PAD> <PAD> <PAD> <PAD> <PAD> <PAD> <PAD> <PAD> <PAD> <PAD> <PAD> <PAD> <PAD>,"['C', 'C', 'I', 'K', 'F', 'H', 'P', 'C', 'C', 'H', 'N', '<EOS>', '<PAD>', '<PAD>', '<PAD>', '<PAD>', '<PAD>', '<PAD>', '<PAD>', '<PAD>', '<PAD>', '<PAD>', '<PAD>', '<PAD>', '<PAD>', '<PAD>', '<PAD>', '<PAD>', '<PAD>', '<PAD>', '<PAD>']"
CP09025;CP09043,CCILCWKCTYNCCRAW,CCILCWKCTYNCCRAW,16,C C I L C W K C T Y N C C R A W <EOS> <PAD> <PAD> <PAD> <PAD> <PAD> <PAD> <PAD> <PAD> <PAD> <PAD> <PAD> <PAD> <PAD> <PAD>,"['C', 'C', 'I', 'L', 'C', 'W', 'K', 'C', 'T', 'Y', 'N', 'C', 'C', 'R', 'A', 'W', '<EOS>', '<PAD>', '<PAD>', '<PAD>', '<PAD>', '<PAD>', '<PAD>', '<PAD>', '<PAD>', '<PAD>', '<PAD>', '<PAD>', '<PAD>', '<PAD>', '<PAD>']"
CP05957,CCKQSCTTCMPCCW,CCKQSCTTCMPCCW,14,C C K Q S C T T C M P C C W <EOS> <PAD> <PAD> <PAD> <PAD> <PAD> <PAD> <PAD> <PAD> <PAD> <PAD> <PAD> <PAD> <PAD> <PAD> <PAD> <PAD>,"['C', 'C', 'K', 'Q', 'S', 'C', 'T', 'T', 'C', 'M', 'P', 'C', 'C', 'W', '<EOS>', '<PAD>', '<PAD>', '<PAD>', '<PAD>', '<PAD>', '<PAD>', '<PAD>', '<PAD>', '<PAD>', '<PAD>', '<PAD>', '<PAD>', '<PAD>', '<PAD>', '<PAD>', '<PAD>']"
CP07328,CCKVLCESCTPCC,CCKVLCESCTPCC,13,C C K V L C E S C T P C C <EOS> <PAD> <PAD> <PAD> <PAD> <PAD> <PAD> <PAD> <PAD> <PAD> <PAD> <PAD> <PAD> <PAD> <PAD> <PAD> <PAD> <PAD>,"['C', 'C', 'K', 'V', 'L', 'C', 'E', 'S', 'C', 'T', 'P', 'C', 'C', '<EOS>', '<PAD>', '<PAD>', '<PAD>', '<PAD>', '<PAD>', '<PAD>', '<PAD>', '<PAD>', '<PAD>', '<PAD>', '<PAD>', '<PAD>', '<PAD>', '<PAD>', '<PAD>', '<PAD>', '<PAD>']"
CP06145,CCKVQCESCTPCC,CCKVQCESCTPCC,13,C C K V Q C E S C T P C C <EOS> <PAD> <PAD> <PAD> <PAD> <PAD> <PAD> <PAD> <PAD> <PAD> <PAD> <PAD> <PAD> <PAD> <PAD> <PAD> <PAD> <PAD>,"['C', 'C', 'K', 'V', 'Q', 'C', 'E', 'S', 'C', 'T', 'P', 'C', 'C', '<EOS>', '<PAD>', '<PAD>', '<PAD>', '<PAD>', '<PAD>', '<PAD>', '<PAD>', '<PAD>', '<PAD>', '<PAD>', '<PAD>', '<PAD>', '<PAD>', '<PAD>', '<PAD>', '<PAD>', '<PAD>']"
CP05972,CCKYGWTCLLGCSPCGC,CCKYGWTCLLGCSPCGC,17,C C K Y G W T C L L G C S P C G C <EOS> <PAD> <PAD> <PAD> <PAD> <PAD> <PAD> <PAD> <PAD> <PAD> <PAD> <PAD> <PAD> <PAD>,"['C', 'C', 'K', 'Y', 'G', 'W', 'T', 'C', 'L', 'L', 'G', 'C', 'S', 'P', 'C', 'G', 'C', '<EOS>', '<PAD>', '<PAD>', '<PAD>', '<PAD>', '<PAD>', '<PAD>', '<PAD>', '<PAD>', '<PAD>', '<PAD>', '<PAD>', '<PAD>', '<PAD>']"
CP07273,CCLWPECGGCVCCYL,CCLWPECGGCVCCYL,15,C C L W P E C G G C V C C Y L <EOS> <PAD> <PAD> <PAD> <PAD> <PAD> <PAD> <PAD> <PAD> <PAD> <PAD> <PAD> <PAD> <PAD> <PAD> <PAD>,"['C', 'C', 'L', 'W', 'P', 'E', 'C', 'G', 'G', 'C', 'V', 'C', 'C', 'Y', 'L', '<EOS>', '<PAD>', '<PAD>', '<PAD>', '<PAD>', '<PAD>', '<PAD>', '<PAD>', '<PAD>', '<PAD>', '<PAD>', '<PAD>', '<PAD>', '<PAD>', '<PAD>', '<PAD>']"
CP08451,CCMRPICMCPCCVN,CCMRPICMCPCCVN,14,C C M R P I C M C P C C V N <EOS> <PAD> <PAD> <PAD> <PAD> <PAD> <PAD> <PAD> <PAD> <PAD> <PAD> <PAD> <PAD> <PAD> <PAD> <PAD> <PAD>,"['C', 'C', 'M', 'R', 'P', 'I', 'C', 'M', 'C', 'P', 'C', 'C', 'V', 'N', '<EOS>', '<PAD>', '<PAD>', '<PAD>', '<PAD>', '<PAD>', '<PAD>', '<PAD>', '<PAD>', '<PAD>', '<PAD>', '<PAD>', '<PAD>', '<PAD>', '<PAD>', '<PAD>', '<PAD>']"
CP08368,CCMRPVCTCPCCS,CCMRPVCTCPCCS,13,C C M R P V C T C P C C S <EOS> <PAD> <PAD> <PAD> <PAD> <PAD> <PAD> <PAD> <PAD> <PAD> <PAD> <PAD> <PAD> <PAD> <PAD> <PAD> <PAD> <PAD>,"['C', 'C', 'M', 'R', 'P', 'V', 'C', 'T', 'C', 'P', 'C', 'C', 'S', '<EOS>', '<PAD>', '<PAD>', '<PAD>', '<PAD>', '<PAD>', '<PAD>', '<PAD>', '<PAD>', '<PAD>', '<PAD>', '<PAD>', '<PAD>', '<PAD>', '<PAD>', '<PAD>', '<PAD>', '<PAD>']"
CP08373,CCNWPRCNVYLCGPCC,CCNWPRCNVYLCGPCC,16,C C N W P R C N V Y L C G P C C <EOS> <PAD> <PAD> <PAD> <PAD> <PAD> <PAD> <PAD> <PAD> <PAD> <PAD> <PAD> <PAD> <PAD> <PAD>,"['C', 'C', 'N', 'W', 'P', 'R', 'C', 'N', 'V', 'Y', 'L', 'C', 'G', 'P', 'C', 'C', '<EOS>', '<PAD>', '<PAD>', '<PAD>', '<PAD>', '<PAD>', '<PAD>', '<PAD>', '<PAD>', '<PAD>', '<PAD>', '<PAD>', '<PAD>', '<PAD>', '<PAD>']"
CP07286,CCPARMCMAACSCCD,CCPARMCMAACSCCD,15,C C P A R M C M A A C S C C D <EOS> <PAD> <PAD> <PAD> <PAD> <PAD> <PAD> <PAD> <PAD> <PAD> <PAD> <PAD> <PAD> <PAD> <PAD> <PAD>,"['C', 'C', 'P', 'A', 'R', 'M', 'C', 'M', 'A', 'A', 'C', 'S', 'C', 'C', 'D', '<EOS>', '<PAD>', '<PAD>', '<PAD>', '<PAD>', '<PAD>', '<PAD>', '<PAD>', '<PAD>', '<PAD>', '<PAD>', '<PAD>', '<PAD>', '<PAD>', '<PAD>', '<PAD>']"
CP08371,CCPFPMCYQVPHCPCC,CCPFPMCYQVPHCPCC,16,C C P F P M C Y Q V P H C P C C <EOS> <PAD> <PAD> <PAD> <PAD> <PAD> <PAD> <PAD> <PAD> <PAD> <PAD> <PAD> <PAD> <PAD> <PAD>,"['C', 'C', 'P', 'F', 'P', 'M', 'C', 'Y', 'Q', 'V', 'P', 'H', 'C', 'P', 'C', 'C', '<EOS>', '<PAD>', '<PAD>', '<PAD>', '<PAD>', '<PAD>', '<PAD>', '<PAD>', '<PAD>', '<PAD>', '<PAD>', '<PAD>', '<PAD>', '<PAD>', '<PAD>']"
CP07446,CCPGWELCCEWDDGCKGNDL,CCPGWELCCEWDDGCKGNDL,20,C C P G W E L C C E W D D G C K G N D L <EOS> <PAD> <PAD> <PAD> <PAD> <PAD> <PAD> <PAD> <PAD> <PAD> <PAD>,"['C', 'C', 'P', 'G', 'W', 'E', 'L', 'C', 'C', 'E', 'W', 'D', 'D', 'G', 'C', 'K', 'G', 'N', 'D', 'L', '<EOS>', '<PAD>', '<PAD>', '<PAD>', '<PAD>', '<PAD>', '<PAD>', '<PAD>', '<PAD>', '<PAD>', '<PAD>']"
CP07345,CCPGWELCCEWDDWW,CCPGWELCCEWDDWW,15,C C P G W E L C C E W D D W W <EOS> <PAD> <PAD> <PAD> <PAD> <PAD> <PAD> <PAD> <PAD> <PAD> <PAD> <PAD> <PAD> <PAD> <PAD> <PAD>,"['C', 'C', 'P', 'G', 'W', 'E', 'L', 'C', 'C', 'E', 'W', 'D', 'D', 'W', 'W', '<EOS>', '<PAD>', '<PAD>', '<PAD>', '<PAD>', '<PAD>', '<PAD>', '<PAD>', '<PAD>', '<PAD>', '<PAD>', '<PAD>', '<PAD>', '<PAD>', '<PAD>', '<PAD>']"
CP08374,CCPIQGCILGCTPCC,CCPIQGCILGCTPCC,15,C C P I Q G C I L G C T P C C <EOS> <PAD> <PAD> <PAD> <PAD> <PAD> <PAD> <PAD> <PAD> <PAD> <PAD> <PAD> <PAD> <PAD> <PAD> <PAD>,"['C', 'C', 'P', 'I', 'Q', 'G', 'C', 'I', 'L', 'G', 'C', 'T', 'P', 'C', 'C', '<EOS>', '<PAD>', '<PAD>', '<PAD>', '<PAD>', '<PAD>', '<PAD>', '<PAD>', '<PAD>', '<PAD>', '<PAD>', '<PAD>', '<PAD>', '<PAD>', '<PAD>', '<PAD>']"
CP07272,CCPKEWCNRDCSCCT,CCPKEWCNRDCSCCT,15,C C P K E W C N R D C S C C T <EOS> <PAD> <PAD> <PAD> <PAD> <PAD> <PAD> <PAD> <PAD> <PAD> <PAD> <PAD> <PAD> <PAD> <PAD> <PAD>,"['C', 'C', 'P', 'K', 'E', 'W', 'C', 'N', 'R', 'D', 'C', 'S', 'C', 'C', 'T', '<EOS>', '<PAD>', '<PAD>', '<PAD>', '<PAD>', '<PAD>', '<PAD>', '<PAD>', '<PAD>', '<PAD>', '<PAD>', '<PAD>', '<PAD>', '<PAD>', '<PAD>', '<PAD>']"
CP09122;CP09125,CCPKKPYCCPG,CCPKKPYCCPG,11,C C P K K P Y C C P G <EOS> <PAD> <PAD> <PAD> <PAD> <PAD> <PAD> <PAD> <PAD> <PAD> <PAD> <PAD> <PAD> <PAD> <PAD> <PAD> <PAD> <PAD> <PAD> <PAD>,"['C', 'C', 'P', 'K', 'K', 'P', 'Y', 'C', 'C', 'P', 'G', '<EOS>', '<PAD>', '<PAD>', '<PAD>', '<PAD>', '<PAD>', '<PAD>', '<PAD>', '<PAD>', '<PAD>', '<PAD>', '<PAD>', '<PAD>', '<PAD>', '<PAD>', '<PAD>', '<PAD>', '<PAD>', '<PAD>', '<PAD>']"
CP06316,CCPNLFYCCPD,CCPNLFYCCPD,11,C C P N L F Y C C P D <EOS> <PAD> <PAD> <PAD> <PAD> <PAD> <PAD> <PAD> <PAD> <PAD> <PAD> <PAD> <PAD> <PAD> <PAD> <PAD> <PAD> <PAD> <PAD> <PAD>,"['C', 'C', 'P', 'N', 'L', 'F', 'Y', 'C', 'C', 'P', 'D', '<EOS>', '<PAD>', '<PAD>', '<PAD>', '<PAD>', '<PAD>', '<PAD>', '<PAD>', '<PAD>', '<PAD>', '<PAD>', '<PAD>', '<PAD>', '<PAD>', '<PAD>', '<PAD>', '<PAD>', '<PAD>', '<PAD>', '<PAD>']"
CP06228,CCPRKIWCCMIP,CCPRKIWCCMIP,12,C C P R K I W C C M I P <EOS> <PAD> <PAD> <PAD> <PAD> <PAD> <PAD> <PAD> <PAD> <PAD> <PAD> <PAD> <PAD> <PAD> <PAD> <PAD> <PAD> <PAD> <PAD>,"['C', 'C', 'P', 'R', 'K', 'I', 'W', 'C', 'C', 'M', 'I', 'P', '<EOS>', '<PAD>', '<PAD>', '<PAD>', '<PAD>', '<PAD>', '<PAD>', '<PAD>', '<PAD>', '<PAD>', '<PAD>', '<PAD>', '<PAD>', '<PAD>', '<PAD>', '<PAD>', '<PAD>', '<PAD>', '<PAD>']"
CP08860;CP09197,CCPRRLACCII,CCPRRLACCII,11,C C P R R L A C C I I <EOS> <PAD> <PAD> <PAD> <PAD> <PAD> <PAD> <PAD> <PAD> <PAD> <PAD> <PAD> <PAD> <PAD> <PAD> <PAD> <PAD> <PAD> <PAD> <PAD>,"['C', 'C', 'P', 'R', 'R', 'L', 'A', 'C', 'C', 'I', 'I', '<EOS>', '<PAD>', '<PAD>', '<PAD>', '<PAD>', '<PAD>', '<PAD>', '<PAD>', '<PAD>', '<PAD>', '<PAD>', '<PAD>', '<PAD>', '<PAD>', '<PAD>', '<PAD>', '<PAD>', '<PAD>', '<PAD>', '<PAD>']"
CP08306,CCPTFYFCCNL,CCPTFYFCCNL,11,C C P T F Y F C C N L <EOS> <PAD> <PAD> <PAD> <PAD> <PAD> <PAD> <PAD> <PAD> <PAD> <PAD> <PAD> <PAD> <PAD> <PAD> <PAD> <PAD> <PAD> <PAD> <PAD>,"['C', 'C', 'P', 'T', 'F', 'Y', 'F', 'C', 'C', 'N', 'L', '<EOS>', '<PAD>', '<PAD>', '<PAD>', '<PAD>', '<PAD>', '<PAD>', '<PAD>', '<PAD>', '<PAD>', '<PAD>', '<PAD>', '<PAD>', '<PAD>', '<PAD>', '<PAD>', '<PAD>', '<PAD>', '<PAD>', '<PAD>']"
CP07464,CCPVCISSCSGRCC,CCPVCISSCSGRCC,14,C C P V C I S S C S G R C C <EOS> <PAD> <PAD> <PAD> <PAD> <PAD> <PAD> <PAD> <PAD> <PAD> <PAD> <PAD> <PAD> <PAD> <PAD> <PAD> <PAD>,"['C', 'C', 'P', 'V', 'C', 'I', 'S', 'S', 'C', 'S', 'G', 'R', 'C', 'C', '<EOS>', '<PAD>', '<PAD>', '<PAD>', '<PAD>', '<PAD>', '<PAD>', '<PAD>', '<PAD>', '<PAD>', '<PAD>', '<PAD>', '<PAD>', '<PAD>', '<PAD>', '<PAD>', '<PAD>']"
CP08748,CCPWPCNNGCEPCC,CCPWPCNNGCEPCC,14,C C P W P C N N G C E P C C <EOS> <PAD> <PAD> <PAD> <PAD> <PAD> <PAD> <PAD> <PAD> <PAD> <PAD> <PAD> <PAD> <PAD> <PAD> <PAD> <PAD>,"['C', 'C', 'P', 'W', 'P', 'C', 'N', 'N', 'G', 'C', 'E', 'P', 'C', 'C', '<EOS>', '<PAD>', '<PAD>', '<PAD>', '<PAD>', '<PAD>', '<PAD>', '<PAD>', '<PAD>', '<PAD>', '<PAD>', '<PAD>', '<PAD>', '<PAD>', '<PAD>', '<PAD>', '<PAD>']"
CP08370,CCPYPSCIDIPFCDCC,CCPYPSCIDIPFCDCC,16,C C P Y P S C I D I P F C D C C <EOS> <PAD> <PAD> <PAD> <PAD> <PAD> <PAD> <PAD> <PAD> <PAD> <PAD> <PAD> <PAD> <PAD> <PAD>,"['C', 'C', 'P', 'Y', 'P', 'S', 'C', 'I', 'D', 'I', 'P', 'F', 'C', 'D', 'C', 'C', '<EOS>', '<PAD>', '<PAD>', '<PAD>', '<PAD>', '<PAD>', '<PAD>', '<PAD>', '<PAD>', '<PAD>', '<PAD>', '<PAD>', '<PAD>', '<PAD>', '<PAD>']"
CP08947;CP08952;CP09209,CCQAACSPWLCLPCC,CCQAACSPWLCLPCC,15,C C Q A A C S P W L C L P C C <EOS> <PAD> <PAD> <PAD> <PAD> <PAD> <PAD> <PAD> <PAD> <PAD> <PAD> <PAD> <PAD> <PAD> <PAD> <PAD>,"['C', 'C', 'Q', 'A', 'A', 'C', 'S', 'P', 'W', 'L', 'C', 'L', 'P', 'C', 'C', '<EOS>', '<PAD>', '<PAD>', '<PAD>', '<PAD>', '<PAD>', '<PAD>', '<PAD>', '<PAD>', '<PAD>', '<PAD>', '<PAD>', '<PAD>', '<PAD>', '<PAD>', '<PAD>']"
CP07230,CCQAGCSRYMCLPCCQ,CCQAGCSRYMCLPCCQ,16,C C Q A G C S R Y M C L P C C Q <EOS> <PAD> <PAD> <PAD> <PAD> <PAD> <PAD> <PAD> <PAD> <PAD> <PAD> <PAD> <PAD> <PAD> <PAD>,"['C', 'C', 'Q', 'A', 'G', 'C', 'S', 'R', 'Y', 'M', 'C', 'L', 'P', 'C', 'C', 'Q', '<EOS>', '<PAD>', '<PAD>', '<PAD>', '<PAD>', '<PAD>', '<PAD>', '<PAD>', '<PAD>', '<PAD>', '<PAD>', '<PAD>', '<PAD>', '<PAD>', '<PAD>']"
CP06375,CCRLLCLSCNPCC,CCRLLCLSCNPCC,13,C C R L L C L S C N P C C <EOS> <PAD> <PAD> <PAD> <PAD> <PAD> <PAD> <PAD> <PAD> <PAD> <PAD> <PAD> <PAD> <PAD> <PAD> <PAD> <PAD> <PAD>,"['C', 'C', 'R', 'L', 'L', 'C', 'L', 'S', 'C', 'N', 'P', 'C', 'C', '<EOS>', '<PAD>', '<PAD>', '<PAD>', '<PAD>', '<PAD>', '<PAD>', '<PAD>', '<PAD>', '<PAD>', '<PAD>', '<PAD>', '<PAD>', '<PAD>', '<PAD>', '<PAD>', '<PAD>', '<PAD>']"
CP07258,CCRLRRCKTHCHCCVYRP,CCRLRRCKTHCHCCVYRP,18,C C R L R R C K T H C H C C V Y R P <EOS> <PAD> <PAD> <PAD> <PAD> <PAD> <PAD> <PAD> <PAD> <PAD> <PAD> <PAD> <PAD>,"['C', 'C', 'R', 'L', 'R', 'R', 'C', 'K', 'T', 'H', 'C', 'H', 'C', 'C', 'V', 'Y', 'R', 'P', '<EOS>', '<PAD>', '<PAD>', '<PAD>', '<PAD>', '<PAD>', '<PAD>', '<PAD>', '<PAD>', '<PAD>', '<PAD>', '<PAD>', '<PAD>']"
CP07309,CCRRGYMGCIPCCF,CCRRGYMGCIPCCF,14,C C R R G Y M G C I P C C F <EOS> <PAD> <PAD> <PAD> <PAD> <PAD> <PAD> <PAD> <PAD> <PAD> <PAD> <PAD> <PAD> <PAD> <PAD> <PAD> <PAD>,"['C', 'C', 'R', 'R', 'G', 'Y', 'M', 'G', 'C', 'I', 'P', 'C', 'C', 'F', '<EOS>', '<PAD>', '<PAD>', '<PAD>', '<PAD>', '<PAD>', '<PAD>', '<PAD>', '<PAD>', '<PAD>', '<PAD>', '<PAD>', '<PAD>', '<PAD>', '<PAD>', '<PAD>', '<PAD>']"
CP08255,CCRWPCPGSCRCC,CCRWPCPGSCRCC,13,C C R W P C P G S C R C C <EOS> <PAD> <PAD> <PAD> <PAD> <PAD> <PAD> <PAD> <PAD> <PAD> <PAD> <PAD> <PAD> <PAD> <PAD> <PAD> <PAD> <PAD>,"['C', 'C', 'R', 'W', 'P', 'C', 'P', 'G', 'S', 'C', 'R', 'C', 'C', '<EOS>', '<PAD>', '<PAD>', '<PAD>', '<PAD>', '<PAD>', '<PAD>', '<PAD>', '<PAD>', '<PAD>', '<PAD>', '<PAD>', '<PAD>', '<PAD>', '<PAD>', '<PAD>', '<PAD>', '<PAD>']"
CP08801,CCSALCSRYHCLPCC,CCSALCSRYHCLPCC,15,C C S A L C S R Y H C L P C C <EOS> <PAD> <PAD> <PAD> <PAD> <PAD> <PAD> <PAD> <PAD> <PAD> <PAD> <PAD> <PAD> <PAD> <PAD> <PAD>,"['C', 'C', 'S', 'A', 'L', 'C', 'S', 'R', 'Y', 'H', 'C', 'L', 'P', 'C', 'C', '<EOS>', '<PAD>', '<PAD>', '<PAD>', '<PAD>', '<PAD>', '<PAD>', '<PAD>', '<PAD>', '<PAD>', '<PAD>', '<PAD>', '<PAD>', '<PAD>', '<PAD>', '<PAD>']"
CP07313,CCSICDTTCVYPTCCDDLISD,CCSICDTTCVYPTCCDDLISD,21,C C S I C D T T C V Y P T C C D D L I S D <EOS> <PAD> <PAD> <PAD> <PAD> <PAD> <PAD> <PAD> <PAD> <PAD>,"['C', 'C', 'S', 'I', 'C', 'D', 'T', 'T', 'C', 'V', 'Y', 'P', 'T', 'C', 'C', 'D', 'D', 'L', 'I', 'S', 'D', '<EOS>', '<PAD>', '<PAD>', '<PAD>', '<PAD>', '<PAD>', '<PAD>', '<PAD>', '<PAD>', '<PAD>']"
CP07656,CCSKYCWECTPCCPYSS,CCSKYCWECTPCCPYSS,17,C C S K Y C W E C T P C C P Y S S <EOS> <PAD> <PAD> <PAD> <PAD> <PAD> <PAD> <PAD> <PAD> <PAD> <PAD> <PAD> <PAD> <PAD>,"['C', 'C', 'S', 'K', 'Y', 'C', 'W', 'E', 'C', 'T', 'P', 'C', 'C', 'P', 'Y', 'S', 'S', '<EOS>', '<PAD>', '<PAD>', '<PAD>', '<PAD>', '<PAD>', '<PAD>', '<PAD>', '<PAD>', '<PAD>', '<PAD>', '<PAD>', '<PAD>', '<PAD>']"
CP07259,CCSLRRCEPHCHCCVQRH,CCSLRRCEPHCHCCVQRH,18,C C S L R R C E P H C H C C V Q R H <EOS> <PAD> <PAD> <PAD> <PAD> <PAD> <PAD> <PAD> <PAD> <PAD> <PAD> <PAD> <PAD>,"['C', 'C', 'S', 'L', 'R', 'R', 'C', 'E', 'P', 'H', 'C', 'H', 'C', 'C', 'V', 'Q', 'R', 'H', '<EOS>', '<PAD>', '<PAD>', '<PAD>', '<PAD>', '<PAD>', '<PAD>', '<PAD>', '<PAD>', '<PAD>', '<PAD>', '<PAD>', '<PAD>']"
CP08257,CCSQDCLVCIPCCPNGSA,CCSQDCLVCIPCCPNGSA,18,C C S Q D C L V C I P C C P N G S A <EOS> <PAD> <PAD> <PAD> <PAD> <PAD> <PAD> <PAD> <PAD> <PAD> <PAD> <PAD> <PAD>,"['C', 'C', 'S', 'Q', 'D', 'C', 'L', 'V', 'C', 'I', 'P', 'C', 'C', 'P', 'N', 'G', 'S', 'A', '<EOS>', '<PAD>', '<PAD>', '<PAD>', '<PAD>', '<PAD>', '<PAD>', '<PAD>', '<PAD>', '<PAD>', '<PAD>', '<PAD>', '<PAD>']"
CP07326,CCSQDCRVCIPCCPH,CCSQDCRVCIPCCPH,15,C C S Q D C R V C I P C C P H <EOS> <PAD> <PAD> <PAD> <PAD> <PAD> <PAD> <PAD> <PAD> <PAD> <PAD> <PAD> <PAD> <PAD> <PAD> <PAD>,"['C', 'C', 'S', 'Q', 'D', 'C', 'R', 'V', 'C', 'I', 'P', 'C', 'C', 'P', 'H', '<EOS>', '<PAD>', '<PAD>', '<PAD>', '<PAD>', '<PAD>', '<PAD>', '<PAD>', '<PAD>', '<PAD>', '<PAD>', '<PAD>', '<PAD>', '<PAD>', '<PAD>', '<PAD>']"
CP06377,CCSQDCSVCIPCCPPP,CCSQDCSVCIPCCPPP,16,C C S Q D C S V C I P C C P P P <EOS> <PAD> <PAD> <PAD> <PAD> <PAD> <PAD> <PAD> <PAD> <PAD> <PAD> <PAD> <PAD> <PAD> <PAD>,"['C', 'C', 'S', 'Q', 'D', 'C', 'S', 'V', 'C', 'I', 'P', 'C', 'C', 'P', 'P', 'P', '<EOS>', '<PAD>', '<PAD>', '<PAD>', '<PAD>', '<PAD>', '<PAD>', '<PAD>', '<PAD>', '<PAD>', '<PAD>', '<PAD>', '<PAD>', '<PAD>', '<PAD>']"
CP07318,CCSQDCWECIPCCPN,CCSQDCWECIPCCPN,15,C C S Q D C W E C I P C C P N <EOS> <PAD> <PAD> <PAD> <PAD> <PAD> <PAD> <PAD> <PAD> <PAD> <PAD> <PAD> <PAD> <PAD> <PAD> <PAD>,"['C', 'C', 'S', 'Q', 'D', 'C', 'W', 'E', 'C', 'I', 'P', 'C', 'C', 'P', 'N', '<EOS>', '<PAD>', '<PAD>', '<PAD>', '<PAD>', '<PAD>', '<PAD>', '<PAD>', '<PAD>', '<PAD>', '<PAD>', '<PAD>', '<PAD>', '<PAD>', '<PAD>', '<PAD>']"
CP07308,CCSQNCLTCIPCCPY,CCSQNCLTCIPCCPY,15,C C S Q N C L T C I P C C P Y <EOS> <PAD> <PAD> <PAD> <PAD> <PAD> <PAD> <PAD> <PAD> <PAD> <PAD> <PAD> <PAD> <PAD> <PAD> <PAD>,"['C', 'C', 'S', 'Q', 'N', 'C', 'L', 'T', 'C', 'I', 'P', 'C', 'C', 'P', 'Y', '<EOS>', '<PAD>', '<PAD>', '<PAD>', '<PAD>', '<PAD>', '<PAD>', '<PAD>', '<PAD>', '<PAD>', '<PAD>', '<PAD>', '<PAD>', '<PAD>', '<PAD>', '<PAD>']"
CP07320,CCSRDCLVCIPCCPYGSD,CCSRDCLVCIPCCPYGSD,18,C C S R D C L V C I P C C P Y G S D <EOS> <PAD> <PAD> <PAD> <PAD> <PAD> <PAD> <PAD> <PAD> <PAD> <PAD> <PAD> <PAD>,"['C', 'C', 'S', 'R', 'D', 'C', 'L', 'V', 'C', 'I', 'P', 'C', 'C', 'P', 'Y', 'G', 'S', 'D', '<EOS>', '<PAD>', '<PAD>', '<PAD>', '<PAD>', '<PAD>', '<PAD>', '<PAD>', '<PAD>', '<PAD>', '<PAD>', '<PAD>', '<PAD>']"
CP07321,CCSRDCWVCIPCCPNGSA,CCSRDCWVCIPCCPNGSA,18,C C S R D C W V C I P C C P N G S A <EOS> <PAD> <PAD> <PAD> <PAD> <PAD> <PAD> <PAD> <PAD> <PAD> <PAD> <PAD> <PAD>,"['C', 'C', 'S', 'R', 'D', 'C', 'W', 'V', 'C', 'I', 'P', 'C', 'C', 'P', 'N', 'G', 'S', 'A', '<EOS>', '<PAD>', '<PAD>', '<PAD>', '<PAD>', '<PAD>', '<PAD>', '<PAD>', '<PAD>', '<PAD>', '<PAD>', '<PAD>', '<PAD>']"
CP07315,CCSRNCAVCIPCCPNWPA,CCSRNCAVCIPCCPNWPA,18,C C S R N C A V C I P C C P N W P A <EOS> <PAD> <PAD> <PAD> <PAD> <PAD> <PAD> <PAD> <PAD> <PAD> <PAD> <PAD> <PAD>,"['C', 'C', 'S', 'R', 'N', 'C', 'A', 'V', 'C', 'I', 'P', 'C', 'C', 'P', 'N', 'W', 'P', 'A', '<EOS>', '<PAD>', '<PAD>', '<PAD>', '<PAD>', '<PAD>', '<PAD>', '<PAD>', '<PAD>', '<PAD>', '<PAD>', '<PAD>', '<PAD>']"
CP06379,CCSRYCWKCIPCCPY,CCSRYCWKCIPCCPY,15,C C S R Y C W K C I P C C P Y <EOS> <PAD> <PAD> <PAD> <PAD> <PAD> <PAD> <PAD> <PAD> <PAD> <PAD> <PAD> <PAD> <PAD> <PAD> <PAD>,"['C', 'C', 'S', 'R', 'Y', 'C', 'W', 'K', 'C', 'I', 'P', 'C', 'C', 'P', 'Y', '<EOS>', '<PAD>', '<PAD>', '<PAD>', '<PAD>', '<PAD>', '<PAD>', '<PAD>', '<PAD>', '<PAD>', '<PAD>', '<PAD>', '<PAD>', '<PAD>', '<PAD>', '<PAD>']"
CP06378,CCSRYCYICIPCCPN,CCSRYCYICIPCCPN,15,C C S R Y C Y I C I P C C P N <EOS> <PAD> <PAD> <PAD> <PAD> <PAD> <PAD> <PAD> <PAD> <PAD> <PAD> <PAD> <PAD> <PAD> <PAD> <PAD>,"['C', 'C', 'S', 'R', 'Y', 'C', 'Y', 'I', 'C', 'I', 'P', 'C', 'C', 'P', 'N', '<EOS>', '<PAD>', '<PAD>', '<PAD>', '<PAD>', '<PAD>', '<PAD>', '<PAD>', '<PAD>', '<PAD>', '<PAD>', '<PAD>', '<PAD>', '<PAD>', '<PAD>', '<PAD>']"
CP07278,CCSVSICQPPPVCECCA,CCSVSICQPPPVCECCA,17,C C S V S I C Q P P P V C E C C A <EOS> <PAD> <PAD> <PAD> <PAD> <PAD> <PAD> <PAD> <PAD> <PAD> <PAD> <PAD> <PAD> <PAD>,"['C', 'C', 'S', 'V', 'S', 'I', 'C', 'Q', 'P', 'P', 'P', 'V', 'C', 'E', 'C', 'C', 'A', '<EOS>', '<PAD>', '<PAD>', '<PAD>', '<PAD>', '<PAD>', '<PAD>', '<PAD>', '<PAD>', '<PAD>', '<PAD>', '<PAD>', '<PAD>', '<PAD>']"
CP07829,CCSWDVCDHPSCTCCG,CCSWDVCDHPSCTCCG,16,C C S W D V C D H P S C T C C G <EOS> <PAD> <PAD> <PAD> <PAD> <PAD> <PAD> <PAD> <PAD> <PAD> <PAD> <PAD> <PAD> <PAD> <PAD>,"['C', 'C', 'S', 'W', 'D', 'V', 'C', 'D', 'H', 'P', 'S', 'C', 'T', 'C', 'C', 'G', '<EOS>', '<PAD>', '<PAD>', '<PAD>', '<PAD>', '<PAD>', '<PAD>', '<PAD>', '<PAD>', '<PAD>', '<PAD>', '<PAD>', '<PAD>', '<PAD>', '<PAD>']"
CP07266,CCSWDVCDRPSCACC,CCSWDVCDRPSCACC,15,C C S W D V C D R P S C A C C <EOS> <PAD> <PAD> <PAD> <PAD> <PAD> <PAD> <PAD> <PAD> <PAD> <PAD> <PAD> <PAD> <PAD> <PAD> <PAD>,"['C', 'C', 'S', 'W', 'D', 'V', 'C', 'D', 'R', 'P', 'S', 'C', 'A', 'C', 'C', '<EOS>', '<PAD>', '<PAD>', '<PAD>', '<PAD>', '<PAD>', '<PAD>', '<PAD>', '<PAD>', '<PAD>', '<PAD>', '<PAD>', '<PAD>', '<PAD>', '<PAD>', '<PAD>']"
CP06389,CCTACRMPPCKCCA,CCTACRMPPCKCCA,14,C C T A C R M P P C K C C A <EOS> <PAD> <PAD> <PAD> <PAD> <PAD> <PAD> <PAD> <PAD> <PAD> <PAD> <PAD> <PAD> <PAD> <PAD> <PAD> <PAD>,"['C', 'C', 'T', 'A', 'C', 'R', 'M', 'P', 'P', 'C', 'K', 'C', 'C', 'A', '<EOS>', '<PAD>', '<PAD>', '<PAD>', '<PAD>', '<PAD>', '<PAD>', '<PAD>', '<PAD>', '<PAD>', '<PAD>', '<PAD>', '<PAD>', '<PAD>', '<PAD>', '<PAD>', '<PAD>']"
CP08376,CCTGQCHICWPCC,CCTGQCHICWPCC,13,C C T G Q C H I C W P C C <EOS> <PAD> <PAD> <PAD> <PAD> <PAD> <PAD> <PAD> <PAD> <PAD> <PAD> <PAD> <PAD> <PAD> <PAD> <PAD> <PAD> <PAD>,"['C', 'C', 'T', 'G', 'Q', 'C', 'H', 'I', 'C', 'W', 'P', 'C', 'C', '<EOS>', '<PAD>', '<PAD>', '<PAD>', '<PAD>', '<PAD>', '<PAD>', '<PAD>', '<PAD>', '<PAD>', '<PAD>', '<PAD>', '<PAD>', '<PAD>', '<PAD>', '<PAD>', '<PAD>', '<PAD>']"
CP09026;CP09032,CCTVCTTGCVVCC,CCTVCTTGCVVCC,13,C C T V C T T G C V V C C <EOS> <PAD> <PAD> <PAD> <PAD> <PAD> <PAD> <PAD> <PAD> <PAD> <PAD> <PAD> <PAD> <PAD> <PAD> <PAD> <PAD> <PAD>,"['C', 'C', 'T', 'V', 'C', 'T', 'T', 'G', 'C', 'V', 'V', 'C', 'C', '<EOS>', '<PAD>', '<PAD>', '<PAD>', '<PAD>', '<PAD>', '<PAD>', '<PAD>', '<PAD>', '<PAD>', '<PAD>', '<PAD>', '<PAD>', '<PAD>', '<PAD>', '<PAD>', '<PAD>', '<PAD>']"
CP08928;CP08946,CCVVCNAGCSGNCCP,CCVVCNAGCSGNCCP,15,C C V V C N A G C S G N C C P <EOS> <PAD> <PAD> <PAD> <PAD> <PAD> <PAD> <PAD> <PAD> <PAD> <PAD> <PAD> <PAD> <PAD> <PAD> <PAD>,"['C', 'C', 'V', 'V', 'C', 'N', 'A', 'G', 'C', 'S', 'G', 'N', 'C', 'C', 'P', '<EOS>', '<PAD>', '<PAD>', '<PAD>', '<PAD>', '<PAD>', '<PAD>', '<PAD>', '<PAD>', '<PAD>', '<PAD>', '<PAD>', '<PAD>', '<PAD>', '<PAD>', '<PAD>']"
CP07177,CCWNRACTRLVPCSK,CCWNRACTRLVPCSK,15,C C W N R A C T R L V P C S K <EOS> <PAD> <PAD> <PAD> <PAD> <PAD> <PAD> <PAD> <PAD> <PAD> <PAD> <PAD> <PAD> <PAD> <PAD> <PAD>,"['C', 'C', 'W', 'N', 'R', 'A', 'C', 'T', 'R', 'L', 'V', 'P', 'C', 'S', 'K', '<EOS>', '<PAD>', '<PAD>', '<PAD>', '<PAD>', '<PAD>', '<PAD>', '<PAD>', '<PAD>', '<PAD>', '<PAD>', '<PAD>', '<PAD>', '<PAD>', '<PAD>', '<PAD>']"
CP08375,CCYEEECPPSCKLCC,CCYEEECPPSCKLCC,15,C C Y E E E C P P S C K L C C <EOS> <PAD> <PAD> <PAD> <PAD> <PAD> <PAD> <PAD> <PAD> <PAD> <PAD> <PAD> <PAD> <PAD> <PAD> <PAD>,"['C', 'C', 'Y', 'E', 'E', 'E', 'C', 'P', 'P', 'S', 'C', 'K', 'L', 'C', 'C', '<EOS>', '<PAD>', '<PAD>', '<PAD>', '<PAD>', '<PAD>', '<PAD>', '<PAD>', '<PAD>', '<PAD>', '<PAD>', '<PAD>', '<PAD>', '<PAD>', '<PAD>', '<PAD>']"
CP07623,CDGHGVLCDYDSECCSGECTTTGAIEYC,CDGHGVLCDYDSECCSGECTTTGAIEYC,28,C D G H G V L C D Y D S E C C S G E C T T T G A I E Y C <EOS> <PAD> <PAD>,"['C', 'D', 'G', 'H', 'G', 'V', 'L', 'C', 'D', 'Y', 'D', 'S', 'E', 'C', 'C', 'S', 'G', 'E', 'C', 'T', 'T', 'T', 'G', 'A', 'I', 'E', 'Y', 'C', '<EOS>', '<PAD>', '<PAD>']"
CP07801,CDGWSTYCEVDSECCSEQCVNSYCTLF,CDGWSTYCEVDSECCSEQCVNSYCTLF,27,C D G W S T Y C E V D S E C C S E Q C V N S Y C T L F <EOS> <PAD> <PAD> <PAD>,"['C', 'D', 'G', 'W', 'S', 'T', 'Y', 'C', 'E', 'V', 'D', 'S', 'E', 'C', 'C', 'S', 'E', 'Q', 'C', 'V', 'N', 'S', 'Y', 'C', 'T', 'L', 'F', '<EOS>', '<PAD>', '<PAD>', '<PAD>']"
CP06849,CDLEGMFCMYDFECCLSECCMGICAFGCT,CDLEGMFCMYDFECCLSECCMGICAFGCT,29,C D L E G M F C M Y D F E C C L S E C C M G I C A F G C T <EOS> <PAD>,"['C', 'D', 'L', 'E', 'G', 'M', 'F', 'C', 'M', 'Y', 'D', 'F', 'E', 'C', 'C', 'L', 'S', 'E', 'C', 'C', 'M', 'G', 'I', 'C', 'A', 'F', 'G', 'C', 'T', '<EOS>', '<PAD>']"
CP08262,CDPPGAGCSLWESDCCSHFCILRQSGPTC,CDPPGAGCSLWESDCCSHFCILRQSGPTC,29,C D P P G A G C S L W E S D C C S H F C I L R Q S G P T C <EOS> <PAD>,"['C', 'D', 'P', 'P', 'G', 'A', 'G', 'C', 'S', 'L', 'W', 'E', 'S', 'D', 'C', 'C', 'S', 'H', 'F', 'C', 'I', 'L', 'R', 'Q', 'S', 'G', 'P', 'T', 'C', '<EOS>', '<PAD>']"
CP08260,CDPPGDSCSRVYNDCCSNYCILRQSGPTC,CDPPGDSCSRVYNDCCSNYCILRQSGPTC,29,C D P P G D S C S R V Y N D C C S N Y C I L R Q S G P T C <EOS> <PAD>,"['C', 'D', 'P', 'P', 'G', 'D', 'S', 'C', 'S', 'R', 'V', 'Y', 'N', 'D', 'C', 'C', 'S', 'N', 'Y', 'C', 'I', 'L', 'R', 'Q', 'S', 'G', 'P', 'T', 'C', '<EOS>', '<PAD>']"
CP07627,CDTWRDPCTYEHECCWQYHCGFRTCE,CDTWRDPCTYEHECCWQYHCGFRTCE,26,C D T W R D P C T Y E H E C C W Q Y H C G F R T C E <EOS> <PAD> <PAD> <PAD> <PAD>,"['C', 'D', 'T', 'W', 'R', 'D', 'P', 'C', 'T', 'Y', 'E', 'H', 'E', 'C', 'C', 'W', 'Q', 'Y', 'H', 'C', 'G', 'F', 'R', 'T', 'C', 'E', '<EOS>', '<PAD>', '<PAD>', '<PAD>', '<PAD>']"
CP08145,CEMQCEQKKKHCCRVKRRKDPMCP,CEMQCEQKKKHCCRVKRRKDPMCP,24,C E M Q C E Q K K K H C C R V K R R K D P M C P <EOS> <PAD> <PAD> <PAD> <PAD> <PAD> <PAD>,"['C', 'E', 'M', 'Q', 'C', 'E', 'Q', 'K', 'K', 'K', 'H', 'C', 'C', 'R', 'V', 'K', 'R', 'R', 'K', 'D', 'P', 'M', 'C', 'P', '<EOS>', '<PAD>', '<PAD>', '<PAD>', '<PAD>', '<PAD>', '<PAD>']"
CP02810,CEPANPSEKNSPSTQYC,CEPANPSEKNSPSTQYC,17,C E P A N P S E K N S P S T Q Y C <EOS> <PAD> <PAD> <PAD> <PAD> <PAD> <PAD> <PAD> <PAD> <PAD> <PAD> <PAD> <PAD> <PAD>,"['C', 'E', 'P', 'A', 'N', 'P', 'S', 'E', 'K', 'N', 'S', 'P', 'S', 'T', 'Q', 'Y', 'C', '<EOS>', '<PAD>', '<PAD>', '<PAD>', '<PAD>', '<PAD>', '<PAD>', '<PAD>', '<PAD>', '<PAD>', '<PAD>', '<PAD>', '<PAD>', '<PAD>']"
CP06161,CESYGKPCGIYNDCCNACDPAKKTCT,CESYGKPCGIYNDCCNACDPAKKTCT,26,C E S Y G K P C G I Y N D C C N A C D P A K K T C T <EOS> <PAD> <PAD> <PAD> <PAD>,"['C', 'E', 'S', 'Y', 'G', 'K', 'P', 'C', 'G', 'I', 'Y', 'N', 'D', 'C', 'C', 'N', 'A', 'C', 'D', 'P', 'A', 'K', 'K', 'T', 'C', 'T', '<EOS>', '<PAD>', '<PAD>', '<PAD>', '<PAD>']"
CP06503,CFESWVACESPKRCCSHVCLFVCA,CFESWVACESPKRCCSHVCLFVCA,24,C F E S W V A C E S P K R C C S H V C L F V C A <EOS> <PAD> <PAD> <PAD> <PAD> <PAD> <PAD>,"['C', 'F', 'E', 'S', 'W', 'V', 'A', 'C', 'E', 'S', 'P', 'K', 'R', 'C', 'C', 'S', 'H', 'V', 'C', 'L', 'F', 'V', 'C', 'A', '<EOS>', '<PAD>', '<PAD>', '<PAD>', '<PAD>', '<PAD>', '<PAD>']"
CP08277,CFGRGGLCTWFDPSVCCSGICTFVDCW,CFGRGGLCTWFDPSVCCSGICTFVDCW,27,C F G R G G L C T W F D P S V C C S G I C T F V D C W <EOS> <PAD> <PAD> <PAD>,"['C', 'F', 'G', 'R', 'G', 'G', 'L', 'C', 'T', 'W', 'F', 'D', 'P', 'S', 'V', 'C', 'C', 'S', 'G', 'I', 'C', 'T', 'F', 'V', 'D', 'C', 'W', '<EOS>', '<PAD>', '<PAD>', '<PAD>']"
CP03635,CFKFKFKFGSGFKFKFKFC,CFKFKFKFGSGFKFKFKFC,19,C F K F K F K F G S G F K F K F K F C <EOS> <PAD> <PAD> <PAD> <PAD> <PAD> <PAD> <PAD> <PAD> <PAD> <PAD> <PAD>,"['C', 'F', 'K', 'F', 'K', 'F', 'K', 'F', 'G', 'S', 'G', 'F', 'K', 'F', 'K', 'F', 'K', 'F', 'C', '<EOS>', '<PAD>', '<PAD>', '<PAD>', '<PAD>', '<PAD>', '<PAD>', '<PAD>', '<PAD>', '<PAD>', '<PAD>', '<PAD>']"
CP00325,CFLTKAGAQVC,CFLTKAGAQVC,11,C F L T K A G A Q V C <EOS> <PAD> <PAD> <PAD> <PAD> <PAD> <PAD> <PAD> <PAD> <PAD> <PAD> <PAD> <PAD> <PAD> <PAD> <PAD> <PAD> <PAD> <PAD> <PAD>,"['C', 'F', 'L', 'T', 'K', 'A', 'G', 'A', 'Q', 'V', 'C', '<EOS>', '<PAD>', '<PAD>', '<PAD>', '<PAD>', '<PAD>', '<PAD>', '<PAD>', '<PAD>', '<PAD>', '<PAD>', '<PAD>', '<PAD>', '<PAD>', '<PAD>', '<PAD>', '<PAD>', '<PAD>', '<PAD>', '<PAD>']"
CP05777,CGETCIRGKCYTPGCSCVYPAVCSKD,CGETCIRGKCYTPGCSCVYPAVCSKD,26,C G E T C I R G K C Y T P G C S C V Y P A V C S K D <EOS> <PAD> <PAD> <PAD> <PAD>,"['C', 'G', 'E', 'T', 'C', 'I', 'R', 'G', 'K', 'C', 'Y', 'T', 'P', 'G', 'C', 'S', 'C', 'V', 'Y', 'P', 'A', 'V', 'C', 'S', 'K', 'D', '<EOS>', '<PAD>', '<PAD>', '<PAD>', '<PAD>']"
CP02913;CP05006,CGETCIWGRCYSENIGCHCGFGICTLN,CGETCIWGRCYSENIGCHCGFGICTLN,27,C G E T C I W G R C Y S E N I G C H C G F G I C T L N <EOS> <PAD> <PAD> <PAD>,"['C', 'G', 'E', 'T', 'C', 'I', 'W', 'G', 'R', 'C', 'Y', 'S', 'E', 'N', 'I', 'G', 'C', 'H', 'C', 'G', 'F', 'G', 'I', 'C', 'T', 'L', 'N', '<EOS>', '<PAD>', '<PAD>', '<PAD>']"
CP02911;CP04819,CGETCLFIPCIFSVVGCSCSSKVCYRN,CGETCLFIPCIFSVVGCSCSSKVCYRN,27,C G E T C L F I P C I F S V V G C S C S S K V C Y R N <EOS> <PAD> <PAD> <PAD>,"['C', 'G', 'E', 'T', 'C', 'L', 'F', 'I', 'P', 'C', 'I', 'F', 'S', 'V', 'V', 'G', 'C', 'S', 'C', 'S', 'S', 'K', 'V', 'C', 'Y', 'R', 'N', '<EOS>', '<PAD>', '<PAD>', '<PAD>']"
CP04821,CGETCLFIPCLTSVFGCSCKNRGCYKI,CGETCLFIPCLTSVFGCSCKNRGCYKI,27,C G E T C L F I P C L T S V F G C S C K N R G C Y K I <EOS> <PAD> <PAD> <PAD>,"['C', 'G', 'E', 'T', 'C', 'L', 'F', 'I', 'P', 'C', 'L', 'T', 'S', 'V', 'F', 'G', 'C', 'S', 'C', 'K', 'N', 'R', 'G', 'C', 'Y', 'K', 'I', '<EOS>', '<PAD>', '<PAD>', '<PAD>']"
CP05090,CGETCTLGTCYTQGCTCSWPICRRKRRR,CGETCTLGTCYTQGCTCSWPICRRKRRR,28,C G E T C T L G T C Y T Q G C T C S W P I C R R K R R R <EOS> <PAD> <PAD>,"['C', 'G', 'E', 'T', 'C', 'T', 'L', 'G', 'T', 'C', 'Y', 'T', 'Q', 'G', 'C', 'T', 'C', 'S', 'W', 'P', 'I', 'C', 'R', 'R', 'K', 'R', 'R', 'R', '<EOS>', '<PAD>', '<PAD>']"
CP05058,CGETCVGGTCNTPGCTCSWPVCLYRNGKPV,CGETCVGGTCNTPGCTCSWPVCLYRNGKPV,30,C G E T C V G G T C N T P G C T C S W P V C L Y R N G K P V <EOS>,"['C', 'G', 'E', 'T', 'C', 'V', 'G', 'G', 'T', 'C', 'N', 'T', 'P', 'G', 'C', 'T', 'C', 'S', 'W', 'P', 'V', 'C', 'L', 'Y', 'R', 'N', 'G', 'K', 'P', 'V', '<EOS>']"
CP05049,CGETCVGGTCNTPGCTCSWPVCPPPYEEA,CGETCVGGTCNTPGCTCSWPVCPPPYEEA,29,C G E T C V G G T C N T P G C T C S W P V C P P P Y E E A <EOS> <PAD>,"['C', 'G', 'E', 'T', 'C', 'V', 'G', 'G', 'T', 'C', 'N', 'T', 'P', 'G', 'C', 'T', 'C', 'S', 'W', 'P', 'V', 'C', 'P', 'P', 'P', 'Y', 'E', 'E', 'A', '<EOS>', '<PAD>']"
CP05331,CGETCVGGTCNTPGCTCSWPVCQIPGLGPL,CGETCVGGTCNTPGCTCSWPVCQIPGLGPL,30,C G E T C V G G T C N T P G C T C S W P V C Q I P G L G P L <EOS>,"['C', 'G', 'E', 'T', 'C', 'V', 'G', 'G', 'T', 'C', 'N', 'T', 'P', 'G', 'C', 'T', 'C', 'S', 'W', 'P', 'V', 'C', 'Q', 'I', 'P', 'G', 'L', 'G', 'P', 'L', '<EOS>']"
CP05042;CP05106,CGETCVGGTCNTPGCTCSWPVCRDHSYQEE,CGETCVGGTCNTPGCTCSWPVCRDHSYQEE,30,C G E T C V G G T C N T P G C T C S W P V C R D H S Y Q E E <EOS>,"['C', 'G', 'E', 'T', 'C', 'V', 'G', 'G', 'T', 'C', 'N', 'T', 'P', 'G', 'C', 'T', 'C', 'S', 'W', 'P', 'V', 'C', 'R', 'D', 'H', 'S', 'Y', 'Q', 'E', 'E', '<EOS>']"
CP05088,CGETCVGGTCNTPGCTCSWPVCRRKRRV,CGETCVGGTCNTPGCTCSWPVCRRKRRV,28,C G E T C V G G T C N T P G C T C S W P V C R R K R R V <EOS> <PAD> <PAD>,"['C', 'G', 'E', 'T', 'C', 'V', 'G', 'G', 'T', 'C', 'N', 'T', 'P', 'G', 'C', 'T', 'C', 'S', 'W', 'P', 'V', 'C', 'R', 'R', 'K', 'R', 'R', 'V', '<EOS>', '<PAD>', '<PAD>']"
CP05091,CGETCVGGTCNTPGCTCSWPVCSVVGYLR,CGETCVGGTCNTPGCTCSWPVCSVVGYLR,29,C G E T C V G G T C N T P G C T C S W P V C S V V G Y L R <EOS> <PAD>,"['C', 'G', 'E', 'T', 'C', 'V', 'G', 'G', 'T', 'C', 'N', 'T', 'P', 'G', 'C', 'T', 'C', 'S', 'W', 'P', 'V', 'C', 'S', 'V', 'V', 'G', 'Y', 'L', 'R', '<EOS>', '<PAD>']"
CP05055,CGETCVGGTCNTPGCTCSWPVCVGWYRS,CGETCVGGTCNTPGCTCSWPVCVGWYRS,28,C G E T C V G G T C N T P G C T C S W P V C V G W Y R S <EOS> <PAD> <PAD>,"['C', 'G', 'E', 'T', 'C', 'V', 'G', 'G', 'T', 'C', 'N', 'T', 'P', 'G', 'C', 'T', 'C', 'S', 'W', 'P', 'V', 'C', 'V', 'G', 'W', 'Y', 'R', 'S', '<EOS>', '<PAD>', '<PAD>']"
CP02909;CP04818,CGETCVIFPCISFGCSCKDTVCYKN,CGETCVIFPCISFGCSCKDTVCYKN,25,C G E T C V I F P C I S F G C S C K D T V C Y K N <EOS> <PAD> <PAD> <PAD> <PAD> <PAD>,"['C', 'G', 'E', 'T', 'C', 'V', 'I', 'F', 'P', 'C', 'I', 'S', 'F', 'G', 'C', 'S', 'C', 'K', 'D', 'T', 'V', 'C', 'Y', 'K', 'N', '<EOS>', '<PAD>', '<PAD>', '<PAD>', '<PAD>', '<PAD>']"
CP02912;CP04820,CGETCVTGTCYTPGCACDWPVCKRD,CGETCVTGTCYTPGCACDWPVCKRD,25,C G E T C V T G T C Y T P G C A C D W P V C K R D <EOS> <PAD> <PAD> <PAD> <PAD> <PAD>,"['C', 'G', 'E', 'T', 'C', 'V', 'T', 'G', 'T', 'C', 'Y', 'T', 'P', 'G', 'C', 'A', 'C', 'D', 'W', 'P', 'V', 'C', 'K', 'R', 'D', '<EOS>', '<PAD>', '<PAD>', '<PAD>', '<PAD>', '<PAD>']"
CP02915;CP04822,CGETCVVDTRCYTKKCSCAWPVCMRN,CGETCVVDTRCYTKKCSCAWPVCMRN,26,C G E T C V V D T R C Y T K K C S C A W P V C M R N <EOS> <PAD> <PAD> <PAD> <PAD>,"['C', 'G', 'E', 'T', 'C', 'V', 'V', 'D', 'T', 'R', 'C', 'Y', 'T', 'K', 'K', 'C', 'S', 'C', 'A', 'W', 'P', 'V', 'C', 'M', 'R', 'N', '<EOS>', '<PAD>', '<PAD>', '<PAD>', '<PAD>']"
CP01714,CGQRETPEGAEAKPWYC,CGQRETPEGAEAKPWYC,17,C G Q R E T P E G A E A K P W Y C <EOS> <PAD> <PAD> <PAD> <PAD> <PAD> <PAD> <PAD> <PAD> <PAD> <PAD> <PAD> <PAD> <PAD>,"['C', 'G', 'Q', 'R', 'E', 'T', 'P', 'E', 'G', 'A', 'E', 'A', 'K', 'P', 'W', 'Y', 'C', '<EOS>', '<PAD>', '<PAD>', '<PAD>', '<PAD>', '<PAD>', '<PAD>', '<PAD>', '<PAD>', '<PAD>', '<PAD>', '<PAD>', '<PAD>', '<PAD>']"
CP01942;CP02192,CHFAGRADRISCYRA,CHFAGRADRISCYRA,15,C H F A G R A D R I S C Y R A <EOS> <PAD> <PAD> <PAD> <PAD> <PAD> <PAD> <PAD> <PAD> <PAD> <PAD> <PAD> <PAD> <PAD> <PAD> <PAD>,"['C', 'H', 'F', 'A', 'G', 'R', 'A', 'D', 'R', 'I', 'S', 'C', 'Y', 'R', 'A', '<EOS>', '<PAD>', '<PAD>', '<PAD>', '<PAD>', '<PAD>', '<PAD>', '<PAD>', '<PAD>', '<PAD>', '<PAD>', '<PAD>', '<PAD>', '<PAD>', '<PAD>', '<PAD>']"
CP06846,CHMDCSKMICCSGICCFYCGLPSCDDT,CHMDCSKMICCSGICCFYCGLPSCDDT,27,C H M D C S K M I C C S G I C C F Y C G L P S C D D T <EOS> <PAD> <PAD> <PAD>,"['C', 'H', 'M', 'D', 'C', 'S', 'K', 'M', 'I', 'C', 'C', 'S', 'G', 'I', 'C', 'C', 'F', 'Y', 'C', 'G', 'L', 'P', 'S', 'C', 'D', 'D', 'T', '<EOS>', '<PAD>', '<PAD>', '<PAD>']"
CP08448,CHMDCSKMTCCSGICCFYCGRPMCPGT,CHMDCSKMTCCSGICCFYCGRPMCPGT,27,C H M D C S K M T C C S G I C C F Y C G R P M C P G T <EOS> <PAD> <PAD> <PAD>,"['C', 'H', 'M', 'D', 'C', 'S', 'K', 'M', 'T', 'C', 'C', 'S', 'G', 'I', 'C', 'C', 'F', 'Y', 'C', 'G', 'R', 'P', 'M', 'C', 'P', 'G', 'T', '<EOS>', '<PAD>', '<PAD>', '<PAD>']"
CP06504,CIAESEPCNIITQNCCDGKCLFFCIQIPE,CIAESEPCNIITQNCCDGKCLFFCIQIPE,29,C I A E S E P C N I I T Q N C C D G K C L F F C I Q I P E <EOS> <PAD>,"['C', 'I', 'A', 'E', 'S', 'E', 'P', 'C', 'N', 'I', 'I', 'T', 'Q', 'N', 'C', 'C', 'D', 'G', 'K', 'C', 'L', 'F', 'F', 'C', 'I', 'Q', 'I', 'P', 'E', '<EOS>', '<PAD>']"
CP06938,CIAGGQPCEFHRGYMCCSEHCIIFVCA,CIAGGQPCEFHRGYMCCSEHCIIFVCA,27,C I A G G Q P C E F H R G Y M C C S E H C I I F V C A <EOS> <PAD> <PAD> <PAD>,"['C', 'I', 'A', 'G', 'G', 'Q', 'P', 'C', 'E', 'F', 'H', 'R', 'G', 'Y', 'M', 'C', 'C', 'S', 'E', 'H', 'C', 'I', 'I', 'F', 'V', 'C', 'A', '<EOS>', '<PAD>', '<PAD>', '<PAD>']"
CP07443,CIDGGEICDIFFFKLLQWVVHYSCLRMKLP,CIDGGEICDIFFFKLLQWVVHYSCLRMKLP,30,C I D G G E I C D I F F F K L L Q W V V H Y S C L R M K L P <EOS>,"['C', 'I', 'D', 'G', 'G', 'E', 'I', 'C', 'D', 'I', 'F', 'F', 'F', 'K', 'L', 'L', 'Q', 'W', 'V', 'V', 'H', 'Y', 'S', 'C', 'L', 'R', 'M', 'K', 'L', 'P', '<EOS>']"
CP07731,CIDGGEMCDPFSSDCCSGWCIFFFCI,CIDGGEMCDPFSSDCCSGWCIFFFCI,26,C I D G G E M C D P F S S D C C S G W C I F F F C I <EOS> <PAD> <PAD> <PAD> <PAD>,"['C', 'I', 'D', 'G', 'G', 'E', 'M', 'C', 'D', 'P', 'F', 'S', 'S', 'D', 'C', 'C', 'S', 'G', 'W', 'C', 'I', 'F', 'F', 'F', 'C', 'I', '<EOS>', '<PAD>', '<PAD>', '<PAD>', '<PAD>']"
CP06079,CIEQFDPCEMIRHTCCVGVCFLMACI,CIEQFDPCEMIRHTCCVGVCFLMACI,26,C I E Q F D P C E M I R H T C C V G V C F L M A C I <EOS> <PAD> <PAD> <PAD> <PAD>,"['C', 'I', 'E', 'Q', 'F', 'D', 'P', 'C', 'E', 'M', 'I', 'R', 'H', 'T', 'C', 'C', 'V', 'G', 'V', 'C', 'F', 'L', 'M', 'A', 'C', 'I', '<EOS>', '<PAD>', '<PAD>', '<PAD>', '<PAD>']"
CP07812,CIEYLEPCDFLRHTCCVGVCLLMACI,CIEYLEPCDFLRHTCCVGVCLLMACI,26,C I E Y L E P C D F L R H T C C V G V C L L M A C I <EOS> <PAD> <PAD> <PAD> <PAD>,"['C', 'I', 'E', 'Y', 'L', 'E', 'P', 'C', 'D', 'F', 'L', 'R', 'H', 'T', 'C', 'C', 'V', 'G', 'V', 'C', 'L', 'L', 'M', 'A', 'C', 'I', '<EOS>', '<PAD>', '<PAD>', '<PAD>', '<PAD>']"
CP06937,CIGGGDPCEFHRPYTCCSGYCIVFVCA,CIGGGDPCEFHRPYTCCSGYCIVFVCA,27,C I G G G D P C E F H R P Y T C C S G Y C I V F V C A <EOS> <PAD> <PAD> <PAD>,"['C', 'I', 'G', 'G', 'G', 'D', 'P', 'C', 'E', 'F', 'H', 'R', 'P', 'Y', 'T', 'C', 'C', 'S', 'G', 'Y', 'C', 'I', 'V', 'F', 'V', 'C', 'A', '<EOS>', '<PAD>', '<PAD>', '<PAD>']"
CP08231,CIKDGEFCGTPVENDPLCCSLICDLVCL,CIKDGEFCGTPVENDPLCCSLICDLVCL,28,C I K D G E F C G T P V E N D P L C C S L I C D L V C L <EOS> <PAD> <PAD>,"['C', 'I', 'K', 'D', 'G', 'E', 'F', 'C', 'G', 'T', 'P', 'V', 'E', 'N', 'D', 'P', 'L', 'C', 'C', 'S', 'L', 'I', 'C', 'D', 'L', 'V', 'C', 'L', '<EOS>', '<PAD>', '<PAD>']"
CP08278,CINVGMCIYDGYCCSNRCWGGMCSPWR,CINVGMCIYDGYCCSNRCWGGMCSPWR,27,C I N V G M C I Y D G Y C C S N R C W G G M C S P W R <EOS> <PAD> <PAD> <PAD>,"['C', 'I', 'N', 'V', 'G', 'M', 'C', 'I', 'Y', 'D', 'G', 'Y', 'C', 'C', 'S', 'N', 'R', 'C', 'W', 'G', 'G', 'M', 'C', 'S', 'P', 'W', 'R', '<EOS>', '<PAD>', '<PAD>', '<PAD>']"
CP06980,CIPDHHGCGLLHHSRYCCNGTCFFVCIP,CIPDHHGCGLLHHSRYCCNGTCFFVCIP,28,C I P D H H G C G L L H H S R Y C C N G T C F F V C I P <EOS> <PAD> <PAD>,"['C', 'I', 'P', 'D', 'H', 'H', 'G', 'C', 'G', 'L', 'L', 'H', 'H', 'S', 'R', 'Y', 'C', 'C', 'N', 'G', 'T', 'C', 'F', 'F', 'V', 'C', 'I', 'P', '<EOS>', '<PAD>', '<PAD>']"
CP06078,CIPFLHPCTFFFPDCCNSICAQFICL,CIPFLHPCTFFFPDCCNSICAQFICL,26,C I P F L H P C T F F F P D C C N S I C A Q F I C L <EOS> <PAD> <PAD> <PAD> <PAD>,"['C', 'I', 'P', 'F', 'L', 'H', 'P', 'C', 'T', 'F', 'F', 'F', 'P', 'D', 'C', 'C', 'N', 'S', 'I', 'C', 'A', 'Q', 'F', 'I', 'C', 'L', '<EOS>', '<PAD>', '<PAD>', '<PAD>', '<PAD>']"
CP06328,CIPHFDPCDPIRHTCCFGLCLLIACI,CIPHFDPCDPIRHTCCFGLCLLIACI,26,C I P H F D P C D P I R H T C C F G L C L L I A C I <EOS> <PAD> <PAD> <PAD> <PAD>,"['C', 'I', 'P', 'H', 'F', 'D', 'P', 'C', 'D', 'P', 'I', 'R', 'H', 'T', 'C', 'C', 'F', 'G', 'L', 'C', 'L', 'L', 'I', 'A', 'C', 'I', '<EOS>', '<PAD>', '<PAD>', '<PAD>', '<PAD>']"
CP06336,CIPQFDPCDMVRHTCCKGLCVLIACSKTA,CIPQFDPCDMVRHTCCKGLCVLIACSKTA,29,C I P Q F D P C D M V R H T C C K G L C V L I A C S K T A <EOS> <PAD>,"['C', 'I', 'P', 'Q', 'F', 'D', 'P', 'C', 'D', 'M', 'V', 'R', 'H', 'T', 'C', 'C', 'K', 'G', 'L', 'C', 'V', 'L', 'I', 'A', 'C', 'S', 'K', 'T', 'A', '<EOS>', '<PAD>']"
CP07622,CIVGTPCHVCRSQSKSCNGWLEKQRYCGYC,CIVGTPCHVCRSQSKSCNGWLEKQRYCGYC,30,C I V G T P C H V C R S Q S K S C N G W L E K Q R Y C G Y C <EOS>,"['C', 'I', 'V', 'G', 'T', 'P', 'C', 'H', 'V', 'C', 'R', 'S', 'Q', 'S', 'K', 'S', 'C', 'N', 'G', 'W', 'L', 'E', 'K', 'Q', 'R', 'Y', 'C', 'G', 'Y', 'C', '<EOS>']"
CP06543,CKAAGKSCSRIAYNCCTGSCRSGKC,CKAAGKSCSRIAYNCCTGSCRSGKC,25,C K A A G K S C S R I A Y N C C T G S C R S G K C <EOS> <PAD> <PAD> <PAD> <PAD> <PAD>,"['C', 'K', 'A', 'A', 'G', 'K', 'S', 'C', 'S', 'R', 'I', 'A', 'Y', 'N', 'C', 'C', 'T', 'G', 'S', 'C', 'R', 'S', 'G', 'K', 'C', '<EOS>', '<PAD>', '<PAD>', '<PAD>', '<PAD>', '<PAD>']"
CP06330,CKAENELCNIFIQNCCDGTCLLICIQNPQ,CKAENELCNIFIQNCCDGTCLLICIQNPQ,29,C K A E N E L C N I F I Q N C C D G T C L L I C I Q N P Q <EOS> <PAD>,"['C', 'K', 'A', 'E', 'N', 'E', 'L', 'C', 'N', 'I', 'F', 'I', 'Q', 'N', 'C', 'C', 'D', 'G', 'T', 'C', 'L', 'L', 'I', 'C', 'I', 'Q', 'N', 'P', 'Q', '<EOS>', '<PAD>']"
CP01072,CKFFWFTFTSC,CKFFWFTFTSC,11,C K F F W F T F T S C <EOS> <PAD> <PAD> <PAD> <PAD> <PAD> <PAD> <PAD> <PAD> <PAD> <PAD> <PAD> <PAD> <PAD> <PAD> <PAD> <PAD> <PAD> <PAD> <PAD>,"['C', 'K', 'F', 'F', 'W', 'F', 'T', 'F', 'T', 'S', 'C', '<EOS>', '<PAD>', '<PAD>', '<PAD>', '<PAD>', '<PAD>', '<PAD>', '<PAD>', '<PAD>', '<PAD>', '<PAD>', '<PAD>', '<PAD>', '<PAD>', '<PAD>', '<PAD>', '<PAD>', '<PAD>', '<PAD>', '<PAD>']"
CP08895;CP09195,CKGKGAGCDYSHECCSRQCTGRIFQTCN,CKGKGAGCDYSHECCSRQCTGRIFQTCN,28,C K G K G A G C D Y S H E C C S R Q C T G R I F Q T C N <EOS> <PAD> <PAD>,"['C', 'K', 'G', 'K', 'G', 'A', 'G', 'C', 'D', 'Y', 'S', 'H', 'E', 'C', 'C', 'S', 'R', 'Q', 'C', 'T', 'G', 'R', 'I', 'F', 'Q', 'T', 'C', 'N', '<EOS>', '<PAD>', '<PAD>']"
CP06000,CKGKGAKCSRLMYDCCTGSCRSGKCG,CKGKGAKCSRLMYDCCTGSCRSGKCG,26,C K G K G A K C S R L M Y D C C T G S C R S G K C G <EOS> <PAD> <PAD> <PAD> <PAD>,"['C', 'K', 'G', 'K', 'G', 'A', 'K', 'C', 'S', 'R', 'L', 'M', 'Y', 'D', 'C', 'C', 'T', 'G', 'S', 'C', 'R', 'S', 'G', 'K', 'C', 'G', '<EOS>', '<PAD>', '<PAD>', '<PAD>', '<PAD>']"
CP06696,CKGKGAPCRKTMYDCCSGSCGRRGKC,CKGKGAPCRKTMYDCCSGSCGRRGKC,26,C K G K G A P C R K T M Y D C C S G S C G R R G K C <EOS> <PAD> <PAD> <PAD> <PAD>,"['C', 'K', 'G', 'K', 'G', 'A', 'P', 'C', 'R', 'K', 'T', 'M', 'Y', 'D', 'C', 'C', 'S', 'G', 'S', 'C', 'G', 'R', 'R', 'G', 'K', 'C', '<EOS>', '<PAD>', '<PAD>', '<PAD>', '<PAD>']"
CP06537,CKGKGASCRRTSYGCCTGSCRSGRC,CKGKGASCRRTSYGCCTGSCRSGRC,25,C K G K G A S C R R T S Y G C C T G S C R S G R C <EOS> <PAD> <PAD> <PAD> <PAD> <PAD>,"['C', 'K', 'G', 'K', 'G', 'A', 'S', 'C', 'R', 'R', 'T', 'S', 'Y', 'G', 'C', 'C', 'T', 'G', 'S', 'C', 'R', 'S', 'G', 'R', 'C', '<EOS>', '<PAD>', '<PAD>', '<PAD>', '<PAD>', '<PAD>']"
CP06790,CKGKGASCSRTMYNCCTGSCNRGKC,CKGKGASCSRTMYNCCTGSCNRGKC,25,C K G K G A S C S R T M Y N C C T G S C N R G K C <EOS> <PAD> <PAD> <PAD> <PAD> <PAD>,"['C', 'K', 'G', 'K', 'G', 'A', 'S', 'C', 'S', 'R', 'T', 'M', 'Y', 'N', 'C', 'C', 'T', 'G', 'S', 'C', 'N', 'R', 'G', 'K', 'C', '<EOS>', '<PAD>', '<PAD>', '<PAD>', '<PAD>', '<PAD>']"
CP07191,CKGPGAKCLKTMYDCCKYSCSRGRC,CKGPGAKCLKTMYDCCKYSCSRGRC,25,C K G P G A K C L K T M Y D C C K Y S C S R G R C <EOS> <PAD> <PAD> <PAD> <PAD> <PAD>,"['C', 'K', 'G', 'P', 'G', 'A', 'K', 'C', 'L', 'K', 'T', 'M', 'Y', 'D', 'C', 'C', 'K', 'Y', 'S', 'C', 'S', 'R', 'G', 'R', 'C', '<EOS>', '<PAD>', '<PAD>', '<PAD>', '<PAD>', '<PAD>']"
CP07189,CKGPGASCIRIAYNCCKYSCRNGKCS,CKGPGASCIRIAYNCCKYSCRNGKCS,26,C K G P G A S C I R I A Y N C C K Y S C R N G K C S <EOS> <PAD> <PAD> <PAD> <PAD>,"['C', 'K', 'G', 'P', 'G', 'A', 'S', 'C', 'I', 'R', 'I', 'A', 'Y', 'N', 'C', 'C', 'K', 'Y', 'S', 'C', 'R', 'N', 'G', 'K', 'C', 'S', '<EOS>', '<PAD>', '<PAD>', '<PAD>', '<PAD>']"
CP08427,CKGRGGACTKAMFICCSGSCNRGRC,CKGRGGACTKAMFICCSGSCNRGRC,25,C K G R G G A C T K A M F I C C S G S C N R G R C <EOS> <PAD> <PAD> <PAD> <PAD> <PAD>,"['C', 'K', 'G', 'R', 'G', 'G', 'A', 'C', 'T', 'K', 'A', 'M', 'F', 'I', 'C', 'C', 'S', 'G', 'S', 'C', 'N', 'R', 'G', 'R', 'C', '<EOS>', '<PAD>', '<PAD>', '<PAD>', '<PAD>', '<PAD>']"
CP08742,CKPPGSKCTPTVYNCCTSCNPYSHKCRTPW,CKPPGSKCTPTVYNCCTSCNPYSHKCRTPW,30,C K P P G S K C T P T V Y N C C T S C N P Y S H K C R T P W <EOS>,"['C', 'K', 'P', 'P', 'G', 'S', 'K', 'C', 'T', 'P', 'T', 'V', 'Y', 'N', 'C', 'C', 'T', 'S', 'C', 'N', 'P', 'Y', 'S', 'H', 'K', 'C', 'R', 'T', 'P', 'W', '<EOS>']"
CP05979,CKQADEPCDVFSLDCCTGICLGVCMW,CKQADEPCDVFSLDCCTGICLGVCMW,26,C K Q A D E P C D V F S L D C C T G I C L G V C M W <EOS> <PAD> <PAD> <PAD> <PAD>,"['C', 'K', 'Q', 'A', 'D', 'E', 'P', 'C', 'D', 'V', 'F', 'S', 'L', 'D', 'C', 'C', 'T', 'G', 'I', 'C', 'L', 'G', 'V', 'C', 'M', 'W', '<EOS>', '<PAD>', '<PAD>', '<PAD>', '<PAD>']"
CP06326,CKQADEPCDVFSLECCTGICLGFCTW,CKQADEPCDVFSLECCTGICLGFCTW,26,C K Q A D E P C D V F S L E C C T G I C L G F C T W <EOS> <PAD> <PAD> <PAD> <PAD>,"['C', 'K', 'Q', 'A', 'D', 'E', 'P', 'C', 'D', 'V', 'F', 'S', 'L', 'E', 'C', 'C', 'T', 'G', 'I', 'C', 'L', 'G', 'F', 'C', 'T', 'W', '<EOS>', '<PAD>', '<PAD>', '<PAD>', '<PAD>']"
CP06324,CKQADESCNVFSLDCCTGLCLGFCVS,CKQADESCNVFSLDCCTGLCLGFCVS,26,C K Q A D E S C N V F S L D C C T G L C L G F C V S <EOS> <PAD> <PAD> <PAD> <PAD>,"['C', 'K', 'Q', 'A', 'D', 'E', 'S', 'C', 'N', 'V', 'F', 'S', 'L', 'D', 'C', 'C', 'T', 'G', 'L', 'C', 'L', 'G', 'F', 'C', 'V', 'S', '<EOS>', '<PAD>', '<PAD>', '<PAD>', '<PAD>']"
CP08284,CKSGGQACWFLLKKHNCCSGYCIVAVCAG,CKSGGQACWFLLKKHNCCSGYCIVAVCAG,29,C K S G G Q A C W F L L K K H N C C S G Y C I V A V C A G <EOS> <PAD>,"['C', 'K', 'S', 'G', 'G', 'Q', 'A', 'C', 'W', 'F', 'L', 'L', 'K', 'K', 'H', 'N', 'C', 'C', 'S', 'G', 'Y', 'C', 'I', 'V', 'A', 'V', 'C', 'A', 'G', '<EOS>', '<PAD>']"
CP08428,CKSKGAPCRRTSYDCCTGSCRSGRC,CKSKGAPCRRTSYDCCTGSCRSGRC,25,C K S K G A P C R R T S Y D C C T G S C R S G R C <EOS> <PAD> <PAD> <PAD> <PAD> <PAD>,"['C', 'K', 'S', 'K', 'G', 'A', 'P', 'C', 'R', 'R', 'T', 'S', 'Y', 'D', 'C', 'C', 'T', 'G', 'S', 'C', 'R', 'S', 'G', 'R', 'C', '<EOS>', '<PAD>', '<PAD>', '<PAD>', '<PAD>', '<PAD>']"
CP01052,CKSPGSSCSPTSYNCCRSCNPYTKRCY,CKSPGSSCSPTSYNCCRSCNPYTKRCY,27,C K S P G S S C S P T S Y N C C R S C N P Y T K R C Y <EOS> <PAD> <PAD> <PAD>,"['C', 'K', 'S', 'P', 'G', 'S', 'S', 'C', 'S', 'P', 'T', 'S', 'Y', 'N', 'C', 'C', 'R', 'S', 'C', 'N', 'P', 'Y', 'T', 'K', 'R', 'C', 'Y', '<EOS>', '<PAD>', '<PAD>', '<PAD>']"
CP07541,CKSPGTPCSRTMRDCCTSCLSYSKKCR,CKSPGTPCSRTMRDCCTSCLSYSKKCR,27,C K S P G T P C S R T M R D C C T S C L S Y S K K C R <EOS> <PAD> <PAD> <PAD>,"['C', 'K', 'S', 'P', 'G', 'T', 'P', 'C', 'S', 'R', 'T', 'M', 'R', 'D', 'C', 'C', 'T', 'S', 'C', 'L', 'S', 'Y', 'S', 'K', 'K', 'C', 'R', '<EOS>', '<PAD>', '<PAD>', '<PAD>']"
CP06538,CKSTGASCRRTPYDCCTGSCRSGRC,CKSTGASCRRTPYDCCTGSCRSGRC,25,C K S T G A S C R R T P Y D C C T G S C R S G R C <EOS> <PAD> <PAD> <PAD> <PAD> <PAD>,"['C', 'K', 'S', 'T', 'G', 'A', 'S', 'C', 'R', 'R', 'T', 'P', 'Y', 'D', 'C', 'C', 'T', 'G', 'S', 'C', 'R', 'S', 'G', 'R', 'C', '<EOS>', '<PAD>', '<PAD>', '<PAD>', '<PAD>', '<PAD>']"
CP06541,CKSTGASCRRTSYDCCTGSCDRGRC,CKSTGASCRRTSYDCCTGSCDRGRC,25,C K S T G A S C R R T S Y D C C T G S C D R G R C <EOS> <PAD> <PAD> <PAD> <PAD> <PAD>,"['C', 'K', 'S', 'T', 'G', 'A', 'S', 'C', 'R', 'R', 'T', 'S', 'Y', 'D', 'C', 'C', 'T', 'G', 'S', 'C', 'D', 'R', 'G', 'R', 'C', '<EOS>', '<PAD>', '<PAD>', '<PAD>', '<PAD>', '<PAD>']"
CP06327,CLAEHETCNIFTQNCCEGVCIFICVQAPE,CLAEHETCNIFTQNCCEGVCIFICVQAPE,29,C L A E H E T C N I F T Q N C C E G V C I F I C V Q A P E <EOS> <PAD>,"['C', 'L', 'A', 'E', 'H', 'E', 'T', 'C', 'N', 'I', 'F', 'T', 'Q', 'N', 'C', 'C', 'E', 'G', 'V', 'C', 'I', 'F', 'I', 'C', 'V', 'Q', 'A', 'P', 'E', '<EOS>', '<PAD>']"
CP06934,CLAGSAPCEFHKRSTCCSGHCIIWWCA,CLAGSAPCEFHKRSTCCSGHCIIWWCA,27,C L A G S A P C E F H K R S T C C S G H C I I W W C A <EOS> <PAD> <PAD> <PAD>,"['C', 'L', 'A', 'G', 'S', 'A', 'P', 'C', 'E', 'F', 'H', 'K', 'R', 'S', 'T', 'C', 'C', 'S', 'G', 'H', 'C', 'I', 'I', 'W', 'W', 'C', 'A', '<EOS>', '<PAD>', '<PAD>', '<PAD>']"
CP06935,CLAGSAPCEFHRGYTCCSGHCLIWVCA,CLAGSAPCEFHRGYTCCSGHCLIWVCA,27,C L A G S A P C E F H R G Y T C C S G H C L I W V C A <EOS> <PAD> <PAD> <PAD>,"['C', 'L', 'A', 'G', 'S', 'A', 'P', 'C', 'E', 'F', 'H', 'R', 'G', 'Y', 'T', 'C', 'C', 'S', 'G', 'H', 'C', 'L', 'I', 'W', 'V', 'C', 'A', '<EOS>', '<PAD>', '<PAD>', '<PAD>']"
CP06932,CLAGSARCEFHKPSSCCSGHCIFWWCA,CLAGSARCEFHKPSSCCSGHCIFWWCA,27,C L A G S A R C E F H K P S S C C S G H C I F W W C A <EOS> <PAD> <PAD> <PAD>,"['C', 'L', 'A', 'G', 'S', 'A', 'R', 'C', 'E', 'F', 'H', 'K', 'P', 'S', 'S', 'C', 'C', 'S', 'G', 'H', 'C', 'I', 'F', 'W', 'W', 'C', 'A', '<EOS>', '<PAD>', '<PAD>', '<PAD>']"
CP08317,CLAKGDFCNLITQDCCDGICFIFCP,CLAKGDFCNLITQDCCDGICFIFCP,25,C L A K G D F C N L I T Q D C C D G I C F I F C P <EOS> <PAD> <PAD> <PAD> <PAD> <PAD>,"['C', 'L', 'A', 'K', 'G', 'D', 'F', 'C', 'N', 'L', 'I', 'T', 'Q', 'D', 'C', 'C', 'D', 'G', 'I', 'C', 'F', 'I', 'F', 'C', 'P', '<EOS>', '<PAD>', '<PAD>', '<PAD>', '<PAD>', '<PAD>']"
CP07817,CLAKGDVCNLIDQDCCVGICFISAHKLP,CLAKGDVCNLIDQDCCVGICFISAHKLP,28,C L A K G D V C N L I D Q D C C V G I C F I S A H K L P <EOS> <PAD> <PAD>,"['C', 'L', 'A', 'K', 'G', 'D', 'V', 'C', 'N', 'L', 'I', 'D', 'Q', 'D', 'C', 'C', 'V', 'G', 'I', 'C', 'F', 'I', 'S', 'A', 'H', 'K', 'L', 'P', '<EOS>', '<PAD>', '<PAD>']"
CP07483,CLAPQRWCSMHDDNCCKTCIILRCS,CLAPQRWCSMHDDNCCKTCIILRCS,25,C L A P Q R W C S M H D D N C C K T C I I L R C S <EOS> <PAD> <PAD> <PAD> <PAD> <PAD>,"['C', 'L', 'A', 'P', 'Q', 'R', 'W', 'C', 'S', 'M', 'H', 'D', 'D', 'N', 'C', 'C', 'K', 'T', 'C', 'I', 'I', 'L', 'R', 'C', 'S', '<EOS>', '<PAD>', '<PAD>', '<PAD>', '<PAD>', '<PAD>']"
CP07484,CLAPQRWCSMHDDSLHDDNCCKTCIILWCS,CLAPQRWCSMHDDSLHDDNCCKTCIILWCS,30,C L A P Q R W C S M H D D S L H D D N C C K T C I I L W C S <EOS>,"['C', 'L', 'A', 'P', 'Q', 'R', 'W', 'C', 'S', 'M', 'H', 'D', 'D', 'S', 'L', 'H', 'D', 'D', 'N', 'C', 'C', 'K', 'T', 'C', 'I', 'I', 'L', 'W', 'C', 'S', '<EOS>']"
CP06431,CLASGETCWRDTSCCSFSCTNNVCF,CLASGETCWRDTSCCSFSCTNNVCF,25,C L A S G E T C W R D T S C C S F S C T N N V C F <EOS> <PAD> <PAD> <PAD> <PAD> <PAD>,"['C', 'L', 'A', 'S', 'G', 'E', 'T', 'C', 'W', 'R', 'D', 'T', 'S', 'C', 'C', 'S', 'F', 'S', 'C', 'T', 'N', 'N', 'V', 'C', 'F', '<EOS>', '<PAD>', '<PAD>', '<PAD>', '<PAD>', '<PAD>']"
CP06507,CLDAGEICDFFFPTCCGYCILLFCA,CLDAGEICDFFFPTCCGYCILLFCA,25,C L D A G E I C D F F F P T C C G Y C I L L F C A <EOS> <PAD> <PAD> <PAD> <PAD> <PAD>,"['C', 'L', 'D', 'A', 'G', 'E', 'I', 'C', 'D', 'F', 'F', 'F', 'P', 'T', 'C', 'C', 'G', 'Y', 'C', 'I', 'L', 'L', 'F', 'C', 'A', '<EOS>', '<PAD>', '<PAD>', '<PAD>', '<PAD>', '<PAD>']"
CP06340,CLDAGEMCDLFNSKCCSGWCIILFCA,CLDAGEMCDLFNSKCCSGWCIILFCA,26,C L D A G E M C D L F N S K C C S G W C I I L F C A <EOS> <PAD> <PAD> <PAD> <PAD>,"['C', 'L', 'D', 'A', 'G', 'E', 'M', 'C', 'D', 'L', 'F', 'N', 'S', 'K', 'C', 'C', 'S', 'G', 'W', 'C', 'I', 'I', 'L', 'F', 'C', 'A', '<EOS>', '<PAD>', '<PAD>', '<PAD>', '<PAD>']"
CP06182,CLDGGEICGILFPSCCSGWCIVLVCA,CLDGGEICGILFPSCCSGWCIVLVCA,26,C L D G G E I C G I L F P S C C S G W C I V L V C A <EOS> <PAD> <PAD> <PAD> <PAD>,"['C', 'L', 'D', 'G', 'G', 'E', 'I', 'C', 'G', 'I', 'L', 'F', 'P', 'S', 'C', 'C', 'S', 'G', 'W', 'C', 'I', 'V', 'L', 'V', 'C', 'A', '<EOS>', '<PAD>', '<PAD>', '<PAD>', '<PAD>']"
CP07939,CLDQGSFCGTLVFGVACCSGFCIIVCL,CLDQGSFCGTLVFGVACCSGFCIIVCL,27,C L D Q G S F C G T L V F G V A C C S G F C I I V C L <EOS> <PAD> <PAD> <PAD>,"['C', 'L', 'D', 'Q', 'G', 'S', 'F', 'C', 'G', 'T', 'L', 'V', 'F', 'G', 'V', 'A', 'C', 'C', 'S', 'G', 'F', 'C', 'I', 'I', 'V', 'C', 'L', '<EOS>', '<PAD>', '<PAD>', '<PAD>']"
CP06331,CLEFGELCNFFFPTCCGYCVLLVCL,CLEFGELCNFFFPTCCGYCVLLVCL,25,C L E F G E L C N F F F P T C C G Y C V L L V C L <EOS> <PAD> <PAD> <PAD> <PAD> <PAD>,"['C', 'L', 'E', 'F', 'G', 'E', 'L', 'C', 'N', 'F', 'F', 'F', 'P', 'T', 'C', 'C', 'G', 'Y', 'C', 'V', 'L', 'L', 'V', 'C', 'L', '<EOS>', '<PAD>', '<PAD>', '<PAD>', '<PAD>', '<PAD>']"
CP00023;CP00788;CP01447;CP01496;CP01991;CP02640,CLEIKAIFHDN,CLEIKAIFHDN,11,C L E I K A I F H D N <EOS> <PAD> <PAD> <PAD> <PAD> <PAD> <PAD> <PAD> <PAD> <PAD> <PAD> <PAD> <PAD> <PAD> <PAD> <PAD> <PAD> <PAD> <PAD> <PAD>,"['C', 'L', 'E', 'I', 'K', 'A', 'I', 'F', 'H', 'D', 'N', '<EOS>', '<PAD>', '<PAD>', '<PAD>', '<PAD>', '<PAD>', '<PAD>', '<PAD>', '<PAD>', '<PAD>', '<PAD>', '<PAD>', '<PAD>', '<PAD>', '<PAD>', '<PAD>', '<PAD>', '<PAD>', '<PAD>', '<PAD>']"
CP06359,CLEKGVLCDPSAGNCCSGECVLVCL,CLEKGVLCDPSAGNCCSGECVLVCL,25,C L E K G V L C D P S A G N C C S G E C V L V C L <EOS> <PAD> <PAD> <PAD> <PAD> <PAD>,"['C', 'L', 'E', 'K', 'G', 'V', 'L', 'C', 'D', 'P', 'S', 'A', 'G', 'N', 'C', 'C', 'S', 'G', 'E', 'C', 'V', 'L', 'V', 'C', 'L', '<EOS>', '<PAD>', '<PAD>', '<PAD>', '<PAD>', '<PAD>']"
CP07938,CLERGEPCIMPIVGLFACCSSVCIIVCI,CLERGEPCIMPIVGLFACCSSVCIIVCI,28,C L E R G E P C I M P I V G L F A C C S S V C I I V C I <EOS> <PAD> <PAD>,"['C', 'L', 'E', 'R', 'G', 'E', 'P', 'C', 'I', 'M', 'P', 'I', 'V', 'G', 'L', 'F', 'A', 'C', 'C', 'S', 'S', 'V', 'C', 'I', 'I', 'V', 'C', 'I', '<EOS>', '<PAD>', '<PAD>']"
CP06823,CLFSGEYCWLDTSCCSKSCTNNVCF,CLFSGEYCWLDTSCCSKSCTNNVCF,25,C L F S G E Y C W L D T S C C S K S C T N N V C F <EOS> <PAD> <PAD> <PAD> <PAD> <PAD>,"['C', 'L', 'F', 'S', 'G', 'E', 'Y', 'C', 'W', 'L', 'D', 'T', 'S', 'C', 'C', 'S', 'K', 'S', 'C', 'T', 'N', 'N', 'V', 'C', 'F', '<EOS>', '<PAD>', '<PAD>', '<PAD>', '<PAD>', '<PAD>']"
CP08208,CLGCGEDPRCC,CLGCGEDPRCC,11,C L G C G E D P R C C <EOS> <PAD> <PAD> <PAD> <PAD> <PAD> <PAD> <PAD> <PAD> <PAD> <PAD> <PAD> <PAD> <PAD> <PAD> <PAD> <PAD> <PAD> <PAD> <PAD>,"['C', 'L', 'G', 'C', 'G', 'E', 'D', 'P', 'R', 'C', 'C', '<EOS>', '<PAD>', '<PAD>', '<PAD>', '<PAD>', '<PAD>', '<PAD>', '<PAD>', '<PAD>', '<PAD>', '<PAD>', '<PAD>', '<PAD>', '<PAD>', '<PAD>', '<PAD>', '<PAD>', '<PAD>', '<PAD>', '<PAD>']"
CP06329,CLGFGEACLILYSDCCGYCVGAICL,CLGFGEACLILYSDCCGYCVGAICL,25,C L G F G E A C L I L Y S D C C G Y C V G A I C L <EOS> <PAD> <PAD> <PAD> <PAD> <PAD>,"['C', 'L', 'G', 'F', 'G', 'E', 'A', 'C', 'L', 'I', 'L', 'Y', 'S', 'D', 'C', 'C', 'G', 'Y', 'C', 'V', 'G', 'A', 'I', 'C', 'L', '<EOS>', '<PAD>', '<PAD>', '<PAD>', '<PAD>', '<PAD>']"
CP06363,CLGFGEACLMLYSDCCSYCVALVCL,CLGFGEACLMLYSDCCSYCVALVCL,25,C L G F G E A C L M L Y S D C C S Y C V A L V C L <EOS> <PAD> <PAD> <PAD> <PAD> <PAD>,"['C', 'L', 'G', 'F', 'G', 'E', 'A', 'C', 'L', 'M', 'L', 'Y', 'S', 'D', 'C', 'C', 'S', 'Y', 'C', 'V', 'A', 'L', 'V', 'C', 'L', '<EOS>', '<PAD>', '<PAD>', '<PAD>', '<PAD>', '<PAD>']"
CP06335,CLGFGEVCNFFFPNCCSYCVALVCL,CLGFGEVCNFFFPNCCSYCVALVCL,25,C L G F G E V C N F F F P N C C S Y C V A L V C L <EOS> <PAD> <PAD> <PAD> <PAD> <PAD>,"['C', 'L', 'G', 'F', 'G', 'E', 'V', 'C', 'N', 'F', 'F', 'F', 'P', 'N', 'C', 'C', 'S', 'Y', 'C', 'V', 'A', 'L', 'V', 'C', 'L', '<EOS>', '<PAD>', '<PAD>', '<PAD>', '<PAD>', '<PAD>']"
CP06323,CLGGGEVCDIFFPQCCGYCILLFCT,CLGGGEVCDIFFPQCCGYCILLFCT,25,C L G G G E V C D I F F P Q C C G Y C I L L F C T <EOS> <PAD> <PAD> <PAD> <PAD> <PAD>,"['C', 'L', 'G', 'G', 'G', 'E', 'V', 'C', 'D', 'I', 'F', 'F', 'P', 'Q', 'C', 'C', 'G', 'Y', 'C', 'I', 'L', 'L', 'F', 'C', 'T', '<EOS>', '<PAD>', '<PAD>', '<PAD>', '<PAD>', '<PAD>']"
CP02812,CLGIGSCNDFAGCGYAVVCFW,CLGIGSCNDFAGCGYAVVCFW,21,C L G I G S C N D F A G C G Y A V V C F W <EOS> <PAD> <PAD> <PAD> <PAD> <PAD> <PAD> <PAD> <PAD> <PAD>,"['C', 'L', 'G', 'I', 'G', 'S', 'C', 'N', 'D', 'F', 'A', 'G', 'C', 'G', 'Y', 'A', 'V', 'V', 'C', 'F', 'W', '<EOS>', '<PAD>', '<PAD>', '<PAD>', '<PAD>', '<PAD>', '<PAD>', '<PAD>', '<PAD>', '<PAD>']"
CP06498,CLGSGELCVRDTSCCSMSCTNNICF,CLGSGELCVRDTSCCSMSCTNNICF,25,C L G S G E L C V R D T S C C S M S C T N N I C F <EOS> <PAD> <PAD> <PAD> <PAD> <PAD>,"['C', 'L', 'G', 'S', 'G', 'E', 'L', 'C', 'V', 'R', 'D', 'T', 'S', 'C', 'C', 'S', 'M', 'S', 'C', 'T', 'N', 'N', 'I', 'C', 'F', '<EOS>', '<PAD>', '<PAD>', '<PAD>', '<PAD>', '<PAD>']"
CP06432,CLGSGETCWLDSSCCSFSCTNNVCF,CLGSGETCWLDSSCCSFSCTNNVCF,25,C L G S G E T C W L D S S C C S F S C T N N V C F <EOS> <PAD> <PAD> <PAD> <PAD> <PAD>,"['C', 'L', 'G', 'S', 'G', 'E', 'T', 'C', 'W', 'L', 'D', 'S', 'S', 'C', 'C', 'S', 'F', 'S', 'C', 'T', 'N', 'N', 'V', 'C', 'F', '<EOS>', '<PAD>', '<PAD>', '<PAD>', '<PAD>', '<PAD>']"
CP06495,CLGSREQCVRDTSCCSMSCTNNICC,CLGSREQCVRDTSCCSMSCTNNICC,25,C L G S R E Q C V R D T S C C S M S C T N N I C C <EOS> <PAD> <PAD> <PAD> <PAD> <PAD>,"['C', 'L', 'G', 'S', 'R', 'E', 'Q', 'C', 'V', 'R', 'D', 'T', 'S', 'C', 'C', 'S', 'M', 'S', 'C', 'T', 'N', 'N', 'I', 'C', 'C', '<EOS>', '<PAD>', '<PAD>', '<PAD>', '<PAD>', '<PAD>']"
CP01010;CP02184;CP03519,CLGVGSCNNFAGCGYAIVCFW,CLGVGSCNNFAGCGYAIVCFW,21,C L G V G S C N N F A G C G Y A I V C F W <EOS> <PAD> <PAD> <PAD> <PAD> <PAD> <PAD> <PAD> <PAD> <PAD>,"['C', 'L', 'G', 'V', 'G', 'S', 'C', 'N', 'N', 'F', 'A', 'G', 'C', 'G', 'Y', 'A', 'I', 'V', 'C', 'F', 'W', '<EOS>', '<PAD>', '<PAD>', '<PAD>', '<PAD>', '<PAD>', '<PAD>', '<PAD>', '<PAD>', '<PAD>']"
CP03934,CLNLKALLAVAKKILC,CLNLKALLAVAKKILC,16,C L N L K A L L A V A K K I L C <EOS> <PAD> <PAD> <PAD> <PAD> <PAD> <PAD> <PAD> <PAD> <PAD> <PAD> <PAD> <PAD> <PAD> <PAD>,"['C', 'L', 'N', 'L', 'K', 'A', 'L', 'L', 'A', 'V', 'A', 'K', 'K', 'I', 'L', 'C', '<EOS>', '<PAD>', '<PAD>', '<PAD>', '<PAD>', '<PAD>', '<PAD>', '<PAD>', '<PAD>', '<PAD>', '<PAD>', '<PAD>', '<PAD>', '<PAD>', '<PAD>']"
CP07485,CLPGLATCNLHNNKCCNYCLIFWCS,CLPGLATCNLHNNKCCNYCLIFWCS,25,C L P G L A T C N L H N N K C C N Y C L I F W C S <EOS> <PAD> <PAD> <PAD> <PAD> <PAD>,"['C', 'L', 'P', 'G', 'L', 'A', 'T', 'C', 'N', 'L', 'H', 'N', 'N', 'K', 'C', 'C', 'N', 'Y', 'C', 'L', 'I', 'F', 'W', 'C', 'S', '<EOS>', '<PAD>', '<PAD>', '<PAD>', '<PAD>', '<PAD>']"
CP08185,CLPGTATCNLYNNLCCNYCLIFWC,CLPGTATCNLYNNLCCNYCLIFWC,24,C L P G T A T C N L Y N N L C C N Y C L I F W C <EOS> <PAD> <PAD> <PAD> <PAD> <PAD> <PAD>,"['C', 'L', 'P', 'G', 'T', 'A', 'T', 'C', 'N', 'L', 'Y', 'N', 'N', 'L', 'C', 'C', 'N', 'Y', 'C', 'L', 'I', 'F', 'W', 'C', '<EOS>', '<PAD>', '<PAD>', '<PAD>', '<PAD>', '<PAD>', '<PAD>']"
CP06076,CLSGGEVCDFLFPKCCNYCILLFCS,CLSGGEVCDFLFPKCCNYCILLFCS,25,C L S G G E V C D F L F P K C C N Y C I L L F C S <EOS> <PAD> <PAD> <PAD> <PAD> <PAD>,"['C', 'L', 'S', 'G', 'G', 'E', 'V', 'C', 'D', 'F', 'L', 'F', 'P', 'K', 'C', 'C', 'N', 'Y', 'C', 'I', 'L', 'L', 'F', 'C', 'S', '<EOS>', '<PAD>', '<PAD>', '<PAD>', '<PAD>', '<PAD>']"
CP06821,CLTTGETCWLASSCCSFSCTNNICF,CLTTGETCWLASSCCSFSCTNNICF,25,C L T T G E T C W L A S S C C S F S C T N N I C F <EOS> <PAD> <PAD> <PAD> <PAD> <PAD>,"['C', 'L', 'T', 'T', 'G', 'E', 'T', 'C', 'W', 'L', 'A', 'S', 'S', 'C', 'C', 'S', 'F', 'S', 'C', 'T', 'N', 'N', 'I', 'C', 'F', '<EOS>', '<PAD>', '<PAD>', '<PAD>', '<PAD>', '<PAD>']"
CP06822,CLTTGEYCWLASSCCGYSCTNNVCF,CLTTGEYCWLASSCCGYSCTNNVCF,25,C L T T G E Y C W L A S S C C G Y S C T N N V C F <EOS> <PAD> <PAD> <PAD> <PAD> <PAD>,"['C', 'L', 'T', 'T', 'G', 'E', 'Y', 'C', 'W', 'L', 'A', 'S', 'S', 'C', 'C', 'G', 'Y', 'S', 'C', 'T', 'N', 'N', 'V', 'C', 'F', '<EOS>', '<PAD>', '<PAD>', '<PAD>', '<PAD>', '<PAD>']"
CP07820,CMEPDRRCSEWSPERCCTKCDYYRSICV,CMEPDRRCSEWSPERCCTKCDYYRSICV,28,C M E P D R R C S E W S P E R C C T K C D Y Y R S I C V <EOS> <PAD> <PAD>,"['C', 'M', 'E', 'P', 'D', 'R', 'R', 'C', 'S', 'E', 'W', 'S', 'P', 'E', 'R', 'C', 'C', 'T', 'K', 'C', 'D', 'Y', 'Y', 'R', 'S', 'I', 'C', 'V', '<EOS>', '<PAD>', '<PAD>']"
CP04308,CMGCWASKSIAMTRVCALPHPAMRAI,CMGCWASKSIAMTRVCALPHPAMRAI,26,C M G C W A S K S I A M T R V C A L P H P A M R A I <EOS> <PAD> <PAD> <PAD> <PAD>,"['C', 'M', 'G', 'C', 'W', 'A', 'S', 'K', 'S', 'I', 'A', 'M', 'T', 'R', 'V', 'C', 'A', 'L', 'P', 'H', 'P', 'A', 'M', 'R', 'A', 'I', '<EOS>', '<PAD>', '<PAD>', '<PAD>', '<PAD>']"
CP06572,CMHPEGGCRFSYECCSKICYTPSFTCYPS,CMHPEGGCRFSYECCSKICYTPSFTCYPS,29,C M H P E G G C R F S Y E C C S K I C Y T P S F T C Y P S <EOS> <PAD>,"['C', 'M', 'H', 'P', 'E', 'G', 'G', 'C', 'R', 'F', 'S', 'Y', 'E', 'C', 'C', 'S', 'K', 'I', 'C', 'Y', 'T', 'P', 'S', 'F', 'T', 'C', 'Y', 'P', 'S', '<EOS>', '<PAD>']"
CP03685,CMSTRGDQARKICE,CMSTRGDQARKICE,14,C M S T R G D Q A R K I C E <EOS> <PAD> <PAD> <PAD> <PAD> <PAD> <PAD> <PAD> <PAD> <PAD> <PAD> <PAD> <PAD> <PAD> <PAD> <PAD> <PAD>,"['C', 'M', 'S', 'T', 'R', 'G', 'D', 'Q', 'A', 'R', 'K', 'I', 'C', 'E', '<EOS>', '<PAD>', '<PAD>', '<PAD>', '<PAD>', '<PAD>', '<PAD>', '<PAD>', '<PAD>', '<PAD>', '<PAD>', '<PAD>', '<PAD>', '<PAD>', '<PAD>', '<PAD>', '<PAD>']"
CP06186,CNDRGGGCSQHPHCCGGTCNKLIGVCL,CNDRGGGCSQHPHCCGGTCNKLIGVCL,27,C N D R G G G C S Q H P H C C G G T C N K L I G V C L <EOS> <PAD> <PAD> <PAD>,"['C', 'N', 'D', 'R', 'G', 'G', 'G', 'C', 'S', 'Q', 'H', 'P', 'H', 'C', 'C', 'G', 'G', 'T', 'C', 'N', 'K', 'L', 'I', 'G', 'V', 'C', 'L', '<EOS>', '<PAD>', '<PAD>', '<PAD>']"
CP06348,CNEAQEHCTQNPDCCSESCNKFVGRCLSD,CNEAQEHCTQNPDCCSESCNKFVGRCLSD,29,C N E A Q E H C T Q N P D C C S E S C N K F V G R C L S D <EOS> <PAD>,"['C', 'N', 'E', 'A', 'Q', 'E', 'H', 'C', 'T', 'Q', 'N', 'P', 'D', 'C', 'C', 'S', 'E', 'S', 'C', 'N', 'K', 'F', 'V', 'G', 'R', 'C', 'L', 'S', 'D', '<EOS>', '<PAD>']"
CP06517,CNNRGGGCSQHPHCCSGTCNKIFGVCL,CNNRGGGCSQHPHCCSGTCNKIFGVCL,27,C N N R G G G C S Q H P H C C S G T C N K I F G V C L <EOS> <PAD> <PAD> <PAD>,"['C', 'N', 'N', 'R', 'G', 'G', 'G', 'C', 'S', 'Q', 'H', 'P', 'H', 'C', 'C', 'S', 'G', 'T', 'C', 'N', 'K', 'I', 'F', 'G', 'V', 'C', 'L', '<EOS>', '<PAD>', '<PAD>', '<PAD>']"
CP07603,CPEMCNEGSGGVACSCSKRRDVVSSFV,CPEMCNEGSGGVACSCSKRRDVVSSFV,27,C P E M C N E G S G G V A C S C S K R R D V V S S F V <EOS> <PAD> <PAD> <PAD>,"['C', 'P', 'E', 'M', 'C', 'N', 'E', 'G', 'S', 'G', 'G', 'V', 'A', 'C', 'S', 'C', 'S', 'K', 'R', 'R', 'D', 'V', 'V', 'S', 'S', 'F', 'V', '<EOS>', '<PAD>', '<PAD>', '<PAD>']"
CP06341,CPNTGELCDVVEQNCCYTYCFIVVCPI,CPNTGELCDVVEQNCCYTYCFIVVCPI,27,C P N T G E L C D V V E Q N C C Y T Y C F I V V C P I <EOS> <PAD> <PAD> <PAD>,"['C', 'P', 'N', 'T', 'G', 'E', 'L', 'C', 'D', 'V', 'V', 'E', 'Q', 'N', 'C', 'C', 'Y', 'T', 'Y', 'C', 'F', 'I', 'V', 'V', 'C', 'P', 'I', '<EOS>', '<PAD>', '<PAD>', '<PAD>']"
CP06831,CQGRGASCRKTMYNCCSGSCNRGRC,CQGRGASCRKTMYNCCSGSCNRGRC,25,C Q G R G A S C R K T M Y N C C S G S C N R G R C <EOS> <PAD> <PAD> <PAD> <PAD> <PAD>,"['C', 'Q', 'G', 'R', 'G', 'A', 'S', 'C', 'R', 'K', 'T', 'M', 'Y', 'N', 'C', 'C', 'S', 'G', 'S', 'C', 'N', 'R', 'G', 'R', 'C', '<EOS>', '<PAD>', '<PAD>', '<PAD>', '<PAD>', '<PAD>']"
CP06540,CQGRGASCRKTSYDCCTGSCRSGRC,CQGRGASCRKTSYDCCTGSCRSGRC,25,C Q G R G A S C R K T S Y D C C T G S C R S G R C <EOS> <PAD> <PAD> <PAD> <PAD> <PAD>,"['C', 'Q', 'G', 'R', 'G', 'A', 'S', 'C', 'R', 'K', 'T', 'S', 'Y', 'D', 'C', 'C', 'T', 'G', 'S', 'C', 'R', 'S', 'G', 'R', 'C', '<EOS>', '<PAD>', '<PAD>', '<PAD>', '<PAD>', '<PAD>']"
CP01756,CQIWKQKPDLC,CQIWKQKPDLC,11,C Q I W K Q K P D L C <EOS> <PAD> <PAD> <PAD> <PAD> <PAD> <PAD> <PAD> <PAD> <PAD> <PAD> <PAD> <PAD> <PAD> <PAD> <PAD> <PAD> <PAD> <PAD> <PAD>,"['C', 'Q', 'I', 'W', 'K', 'Q', 'K', 'P', 'D', 'L', 'C', '<EOS>', '<PAD>', '<PAD>', '<PAD>', '<PAD>', '<PAD>', '<PAD>', '<PAD>', '<PAD>', '<PAD>', '<PAD>', '<PAD>', '<PAD>', '<PAD>', '<PAD>', '<PAD>', '<PAD>', '<PAD>', '<PAD>', '<PAD>']"
CP07630,CQPNGYYCDFEFTPKCCLKCDYNRKYCQPY,CQPNGYYCDFEFTPKCCLKCDYNRKYCQPY,30,C Q P N G Y Y C D F E F T P K C C L K C D Y N R K Y C Q P Y <EOS>,"['C', 'Q', 'P', 'N', 'G', 'Y', 'Y', 'C', 'D', 'F', 'E', 'F', 'T', 'P', 'K', 'C', 'C', 'L', 'K', 'C', 'D', 'Y', 'N', 'R', 'K', 'Y', 'C', 'Q', 'P', 'Y', '<EOS>']"
CP06475,CQRANFVCDAFHHAAVCCEGVCVLVCAW,CQRANFVCDAFHHAAVCCEGVCVLVCAW,28,C Q R A N F V C D A F H H A A V C C E G V C V L V C A W <EOS> <PAD> <PAD>,"['C', 'Q', 'R', 'A', 'N', 'F', 'V', 'C', 'D', 'A', 'F', 'H', 'H', 'A', 'A', 'V', 'C', 'C', 'E', 'G', 'V', 'C', 'V', 'L', 'V', 'C', 'A', 'W', '<EOS>', '<PAD>', '<PAD>']"
CP09003;CP09024;CP09042,CRCEQTCGTCVPCC,CRCEQTCGTCVPCC,14,C R C E Q T C G T C V P C C <EOS> <PAD> <PAD> <PAD> <PAD> <PAD> <PAD> <PAD> <PAD> <PAD> <PAD> <PAD> <PAD> <PAD> <PAD> <PAD> <PAD>,"['C', 'R', 'C', 'E', 'Q', 'T', 'C', 'G', 'T', 'C', 'V', 'P', 'C', 'C', '<EOS>', '<PAD>', '<PAD>', '<PAD>', '<PAD>', '<PAD>', '<PAD>', '<PAD>', '<PAD>', '<PAD>', '<PAD>', '<PAD>', '<PAD>', '<PAD>', '<PAD>', '<PAD>', '<PAD>']"
CP08872;CP09136,CRLGAESCDVISQNCCQGTCVFFCLP,CRLGAESCDVISQNCCQGTCVFFCLP,26,C R L G A E S C D V I S Q N C C Q G T C V F F C L P <EOS> <PAD> <PAD> <PAD> <PAD>,"['C', 'R', 'L', 'G', 'A', 'E', 'S', 'C', 'D', 'V', 'I', 'S', 'Q', 'N', 'C', 'C', 'Q', 'G', 'T', 'C', 'V', 'F', 'F', 'C', 'L', 'P', '<EOS>', '<PAD>', '<PAD>', '<PAD>', '<PAD>']"
CP06425,CRPGGMICGFPKPGPYCCSGWCFVVCL,CRPGGMICGFPKPGPYCCSGWCFVVCL,27,C R P G G M I C G F P K P G P Y C C S G W C F V V C L <EOS> <PAD> <PAD> <PAD>,"['C', 'R', 'P', 'G', 'G', 'M', 'I', 'C', 'G', 'F', 'P', 'K', 'P', 'G', 'P', 'Y', 'C', 'C', 'S', 'G', 'W', 'C', 'F', 'V', 'V', 'C', 'L', '<EOS>', '<PAD>', '<PAD>', '<PAD>']"
CP08848;CP09186,CRPPGMVCGFPKPGPYCCSGWCFAVCLPV,CRPPGMVCGFPKPGPYCCSGWCFAVCLPV,29,C R P P G M V C G F P K P G P Y C C S G W C F A V C L P V <EOS> <PAD>,"['C', 'R', 'P', 'P', 'G', 'M', 'V', 'C', 'G', 'F', 'P', 'K', 'P', 'G', 'P', 'Y', 'C', 'C', 'S', 'G', 'W', 'C', 'F', 'A', 'V', 'C', 'L', 'P', 'V', '<EOS>', '<PAD>']"
CP07486,CRPRGMVCGFPKPGPYCCNGWCFFVCL,CRPRGMVCGFPKPGPYCCNGWCFFVCL,27,C R P R G M V C G F P K P G P Y C C N G W C F F V C L <EOS> <PAD> <PAD> <PAD>,"['C', 'R', 'P', 'R', 'G', 'M', 'V', 'C', 'G', 'F', 'P', 'K', 'P', 'G', 'P', 'Y', 'C', 'C', 'N', 'G', 'W', 'C', 'F', 'F', 'V', 'C', 'L', '<EOS>', '<PAD>', '<PAD>', '<PAD>']"
CP06155,CRPSGSPCGVTSICCGRCSRGKCT,CRPSGSPCGVTSICCGRCSRGKCT,24,C R P S G S P C G V T S I C C G R C S R G K C T <EOS> <PAD> <PAD> <PAD> <PAD> <PAD> <PAD>,"['C', 'R', 'P', 'S', 'G', 'S', 'P', 'C', 'G', 'V', 'T', 'S', 'I', 'C', 'C', 'G', 'R', 'C', 'S', 'R', 'G', 'K', 'C', 'T', '<EOS>', '<PAD>', '<PAD>', '<PAD>', '<PAD>', '<PAD>', '<PAD>']"
CP08295,CRSPGSWCFYKHSNCCSGNCFLWCVQNGK,CRSPGSWCFYKHSNCCSGNCFLWCVQNGK,29,C R S P G S W C F Y K H S N C C S G N C F L W C V Q N G K <EOS> <PAD>,"['C', 'R', 'S', 'P', 'G', 'S', 'W', 'C', 'F', 'Y', 'K', 'H', 'S', 'N', 'C', 'C', 'S', 'G', 'N', 'C', 'F', 'L', 'W', 'C', 'V', 'Q', 'N', 'G', 'K', '<EOS>', '<PAD>']"
CP06544,CRSSGSPCGVTGICCGRCYRGKCT,CRSSGSPCGVTGICCGRCYRGKCT,24,C R S S G S P C G V T G I C C G R C Y R G K C T <EOS> <PAD> <PAD> <PAD> <PAD> <PAD> <PAD>,"['C', 'R', 'S', 'S', 'G', 'S', 'P', 'C', 'G', 'V', 'T', 'G', 'I', 'C', 'C', 'G', 'R', 'C', 'Y', 'R', 'G', 'K', 'C', 'T', '<EOS>', '<PAD>', '<PAD>', '<PAD>', '<PAD>', '<PAD>', '<PAD>']"
CP06694,CRTWNAPCSFTSQCCFGKCAHHRCIAW,CRTWNAPCSFTSQCCFGKCAHHRCIAW,27,C R T W N A P C S F T S Q C C F G K C A H H R C I A W <EOS> <PAD> <PAD> <PAD>,"['C', 'R', 'T', 'W', 'N', 'A', 'P', 'C', 'S', 'F', 'T', 'S', 'Q', 'C', 'C', 'F', 'G', 'K', 'C', 'A', 'H', 'H', 'R', 'C', 'I', 'A', 'W', '<EOS>', '<PAD>', '<PAD>', '<PAD>']"
CP03581,CSCRTSSCRFGERLSGACRLNGRIYRLCC,CSCRTSSCRFGERLSGACRLNGRIYRLCC,29,C S C R T S S C R F G E R L S G A C R L N G R I Y R L C C <EOS> <PAD>,"['C', 'S', 'C', 'R', 'T', 'S', 'S', 'C', 'R', 'F', 'G', 'E', 'R', 'L', 'S', 'G', 'A', 'C', 'R', 'L', 'N', 'G', 'R', 'I', 'Y', 'R', 'L', 'C', 'C', '<EOS>', '<PAD>']"
CP06445,CSNFGSDCIPATHDCCSGECFGFEDMGLCT,CSNFGSDCIPATHDCCSGECFGFEDMGLCT,30,C S N F G S D C I P A T H D C C S G E C F G F E D M G L C T <EOS>,"['C', 'S', 'N', 'F', 'G', 'S', 'D', 'C', 'I', 'P', 'A', 'T', 'H', 'D', 'C', 'C', 'S', 'G', 'E', 'C', 'F', 'G', 'F', 'E', 'D', 'M', 'G', 'L', 'C', 'T', '<EOS>']"
CP06134,CSPGGEVCTRHSPCCTGFLCNHIGGMCHH,CSPGGEVCTRHSPCCTGFLCNHIGGMCHH,29,C S P G G E V C T R H S P C C T G F L C N H I G G M C H H <EOS> <PAD>,"['C', 'S', 'P', 'G', 'G', 'E', 'V', 'C', 'T', 'R', 'H', 'S', 'P', 'C', 'C', 'T', 'G', 'F', 'L', 'C', 'N', 'H', 'I', 'G', 'G', 'M', 'C', 'H', 'H', '<EOS>', '<PAD>']"
CP08230,CSRLMEPCTQHPQCCSNTCSKFTTKCIS,CSRLMEPCTQHPQCCSNTCSKFTTKCIS,28,C S R L M E P C T Q H P Q C C S N T C S K F T T K C I S <EOS> <PAD> <PAD>,"['C', 'S', 'R', 'L', 'M', 'E', 'P', 'C', 'T', 'Q', 'H', 'P', 'Q', 'C', 'C', 'S', 'N', 'T', 'C', 'S', 'K', 'F', 'T', 'T', 'K', 'C', 'I', 'S', '<EOS>', '<PAD>', '<PAD>']"
CP03154,CSTNTFSLSDYWGNNGAWCTLTHECMAWCK,CSTNTFSLSDYWGNNGAWCTLTHECMAWCK,30,C S T N T F S L S D Y W G N N G A W C T L T H E C M A W C K <EOS>,"['C', 'S', 'T', 'N', 'T', 'F', 'S', 'L', 'S', 'D', 'Y', 'W', 'G', 'N', 'N', 'G', 'A', 'W', 'C', 'T', 'L', 'T', 'H', 'E', 'C', 'M', 'A', 'W', 'C', 'K', '<EOS>']"
CP08186,CSYFGADCLPDSHDCCSGECFGFPDMGLCT,CSYFGADCLPDSHDCCSGECFGFPDMGLCT,30,C S Y F G A D C L P D S H D C C S G E C F G F P D M G L C T <EOS>,"['C', 'S', 'Y', 'F', 'G', 'A', 'D', 'C', 'L', 'P', 'D', 'S', 'H', 'D', 'C', 'C', 'S', 'G', 'E', 'C', 'F', 'G', 'F', 'P', 'D', 'M', 'G', 'L', 'C', 'T', '<EOS>']"
CP06488,CTAPGGACYAAYTCCSNACNLNTKKCVLS,CTAPGGACYAAYTCCSNACNLNTKKCVLS,29,C T A P G G A C Y A A Y T C C S N A C N L N T K K C V L S <EOS> <PAD>,"['C', 'T', 'A', 'P', 'G', 'G', 'A', 'C', 'Y', 'A', 'A', 'Y', 'T', 'C', 'C', 'S', 'N', 'A', 'C', 'N', 'L', 'N', 'T', 'K', 'K', 'C', 'V', 'L', 'S', '<EOS>', '<PAD>']"
CP06577,CTDPGGACGNPGHCCSKFCITTSSTCN,CTDPGGACGNPGHCCSKFCITTSSTCN,27,C T D P G G A C G N P G H C C S K F C I T T S S T C N <EOS> <PAD> <PAD> <PAD>,"['C', 'T', 'D', 'P', 'G', 'G', 'A', 'C', 'G', 'N', 'P', 'G', 'H', 'C', 'C', 'S', 'K', 'F', 'C', 'I', 'T', 'T', 'S', 'S', 'T', 'C', 'N', '<EOS>', '<PAD>', '<PAD>', '<PAD>']"
CP06803,CTHPGGACGGHHHCCSQSCNTAATTCN,CTHPGGACGGHHHCCSQSCNTAATTCN,27,C T H P G G A C G G H H H C C S Q S C N T A A T T C N <EOS> <PAD> <PAD> <PAD>,"['C', 'T', 'H', 'P', 'G', 'G', 'A', 'C', 'G', 'G', 'H', 'H', 'H', 'C', 'C', 'S', 'Q', 'S', 'C', 'N', 'T', 'A', 'A', 'T', 'T', 'C', 'N', '<EOS>', '<PAD>', '<PAD>', '<PAD>']"
CP06805,CTHPGGACGGHSHCCSLSCNTAANSCN,CTHPGGACGGHSHCCSLSCNTAANSCN,27,C T H P G G A C G G H S H C C S L S C N T A A N S C N <EOS> <PAD> <PAD> <PAD>,"['C', 'T', 'H', 'P', 'G', 'G', 'A', 'C', 'G', 'G', 'H', 'S', 'H', 'C', 'C', 'S', 'L', 'S', 'C', 'N', 'T', 'A', 'A', 'N', 'S', 'C', 'N', '<EOS>', '<PAD>', '<PAD>', '<PAD>']"
CP08187,CTNPGGYCVVPHHNECCSGQCDPSSIIGQC,CTNPGGYCVVPHHNECCSGQCDPSSIIGQC,30,C T N P G G Y C V V P H H N E C C S G Q C D P S S I I G Q C <EOS>,"['C', 'T', 'N', 'P', 'G', 'G', 'Y', 'C', 'V', 'V', 'P', 'H', 'H', 'N', 'E', 'C', 'C', 'S', 'G', 'Q', 'C', 'D', 'P', 'S', 'S', 'I', 'I', 'G', 'Q', 'C', '<EOS>']"
CP06178,CTPPEGGCLSSYECCSKICWRPRCYPS,CTPPEGGCLSSYECCSKICWRPRCYPS,27,C T P P E G G C L S S Y E C C S K I C W R P R C Y P S <EOS> <PAD> <PAD> <PAD>,"['C', 'T', 'P', 'P', 'E', 'G', 'G', 'C', 'L', 'S', 'S', 'Y', 'E', 'C', 'C', 'S', 'K', 'I', 'C', 'W', 'R', 'P', 'R', 'C', 'Y', 'P', 'S', '<EOS>', '<PAD>', '<PAD>', '<PAD>']"
CP06369,CTPPGGSCGGHAHCCSKSCNIMASTCND,CTPPGGSCGGHAHCCSKSCNIMASTCND,28,C T P P G G S C G G H A H C C S K S C N I M A S T C N D <EOS> <PAD> <PAD>,"['C', 'T', 'P', 'P', 'G', 'G', 'S', 'C', 'G', 'G', 'H', 'A', 'H', 'C', 'C', 'S', 'K', 'S', 'C', 'N', 'I', 'M', 'A', 'S', 'T', 'C', 'N', 'D', '<EOS>', '<PAD>', '<PAD>']"
CP06485,CTPPGGYCYHPDPCCSQVCNFPRKHCL,CTPPGGYCYHPDPCCSQVCNFPRKHCL,27,C T P P G G Y C Y H P D P C C S Q V C N F P R K H C L <EOS> <PAD> <PAD> <PAD>,"['C', 'T', 'P', 'P', 'G', 'G', 'Y', 'C', 'Y', 'H', 'P', 'D', 'P', 'C', 'C', 'S', 'Q', 'V', 'C', 'N', 'F', 'P', 'R', 'K', 'H', 'C', 'L', '<EOS>', '<PAD>', '<PAD>', '<PAD>']"
CP06574,CTPPSGYCYHPYYCCSRACNLTRKRCL,CTPPSGYCYHPYYCCSRACNLTRKRCL,27,C T P P S G Y C Y H P Y Y C C S R A C N L T R K R C L <EOS> <PAD> <PAD> <PAD>,"['C', 'T', 'P', 'P', 'S', 'G', 'Y', 'C', 'Y', 'H', 'P', 'Y', 'Y', 'C', 'C', 'S', 'R', 'A', 'C', 'N', 'L', 'T', 'R', 'K', 'R', 'C', 'L', '<EOS>', '<PAD>', '<PAD>', '<PAD>']"
CP06368,CTPRHGVCFYSYFCCSKACNPSSKRCH,CTPRHGVCFYSYFCCSKACNPSSKRCH,27,C T P R H G V C F Y S Y F C C S K A C N P S S K R C H <EOS> <PAD> <PAD> <PAD>,"['C', 'T', 'P', 'R', 'H', 'G', 'V', 'C', 'F', 'Y', 'S', 'Y', 'F', 'C', 'C', 'S', 'K', 'A', 'C', 'N', 'P', 'S', 'S', 'K', 'R', 'C', 'H', '<EOS>', '<PAD>', '<PAD>', '<PAD>']"
CP06568,CTPRNGVCFYSYFCCSRACNPSTKRCL,CTPRNGVCFYSYFCCSRACNPSTKRCL,27,C T P R N G V C F Y S Y F C C S R A C N P S T K R C L <EOS> <PAD> <PAD> <PAD>,"['C', 'T', 'P', 'R', 'N', 'G', 'V', 'C', 'F', 'Y', 'S', 'Y', 'F', 'C', 'C', 'S', 'R', 'A', 'C', 'N', 'P', 'S', 'T', 'K', 'R', 'C', 'L', '<EOS>', '<PAD>', '<PAD>', '<PAD>']"
CP06569,CTPRNGYCYYRYFCCSRACNLTIKRCL,CTPRNGYCYYRYFCCSRACNLTIKRCL,27,C T P R N G Y C Y Y R Y F C C S R A C N L T I K R C L <EOS> <PAD> <PAD> <PAD>,"['C', 'T', 'P', 'R', 'N', 'G', 'Y', 'C', 'Y', 'Y', 'R', 'Y', 'F', 'C', 'C', 'S', 'R', 'A', 'C', 'N', 'L', 'T', 'I', 'K', 'R', 'C', 'L', '<EOS>', '<PAD>', '<PAD>', '<PAD>']"
CP06175,CTPSGGACYVASTCCSNACNLNSNKCV,CTPSGGACYVASTCCSNACNLNSNKCV,27,C T P S G G A C Y V A S T C C S N A C N L N S N K C V <EOS> <PAD> <PAD> <PAD>,"['C', 'T', 'P', 'S', 'G', 'G', 'A', 'C', 'Y', 'V', 'A', 'S', 'T', 'C', 'C', 'S', 'N', 'A', 'C', 'N', 'L', 'N', 'S', 'N', 'K', 'C', 'V', '<EOS>', '<PAD>', '<PAD>', '<PAD>']"
CP06571,CTPSGGACYYDYFCCSMTCNFNSKSCV,CTPSGGACYYDYFCCSMTCNFNSKSCV,27,C T P S G G A C Y Y D Y F C C S M T C N F N S K S C V <EOS> <PAD> <PAD> <PAD>,"['C', 'T', 'P', 'S', 'G', 'G', 'A', 'C', 'Y', 'Y', 'D', 'Y', 'F', 'C', 'C', 'S', 'M', 'T', 'C', 'N', 'F', 'N', 'S', 'K', 'S', 'C', 'V', '<EOS>', '<PAD>', '<PAD>', '<PAD>']"
CP07542,CTQDFDPCMPVCHECCTRSHFVVCRRPICL,CTQDFDPCMPVCHECCTRSHFVVCRRPICL,30,C T Q D F D P C M P V C H E C C T R S H F V V C R R P I C L <EOS>,"['C', 'T', 'Q', 'D', 'F', 'D', 'P', 'C', 'M', 'P', 'V', 'C', 'H', 'E', 'C', 'C', 'T', 'R', 'S', 'H', 'F', 'V', 'V', 'C', 'R', 'R', 'P', 'I', 'C', 'L', '<EOS>']"
CP06338,CTQSGELCDVIDPDCCNNFCIIFFCI,CTQSGELCDVIDPDCCNNFCIIFFCI,26,C T Q S G E L C D V I D P D C C N N F C I I F F C I <EOS> <PAD> <PAD> <PAD> <PAD>,"['C', 'T', 'Q', 'S', 'G', 'E', 'L', 'C', 'D', 'V', 'I', 'D', 'P', 'D', 'C', 'C', 'N', 'N', 'F', 'C', 'I', 'I', 'F', 'F', 'C', 'I', '<EOS>', '<PAD>', '<PAD>', '<PAD>', '<PAD>']"
CP07810,CTQSSEFCDVIDPDCCSGVCMAFFCI,CTQSSEFCDVIDPDCCSGVCMAFFCI,26,C T Q S S E F C D V I D P D C C S G V C M A F F C I <EOS> <PAD> <PAD> <PAD> <PAD>,"['C', 'T', 'Q', 'S', 'S', 'E', 'F', 'C', 'D', 'V', 'I', 'D', 'P', 'D', 'C', 'C', 'S', 'G', 'V', 'C', 'M', 'A', 'F', 'F', 'C', 'I', '<EOS>', '<PAD>', '<PAD>', '<PAD>', '<PAD>']"
CP06564,CTQTNGACYHRDTCCSKSCNLTINRCLAS,CTQTNGACYHRDTCCSKSCNLTINRCLAS,29,C T Q T N G A C Y H R D T C C S K S C N L T I N R C L A S <EOS> <PAD>,"['C', 'T', 'Q', 'T', 'N', 'G', 'A', 'C', 'Y', 'H', 'R', 'D', 'T', 'C', 'C', 'S', 'K', 'S', 'C', 'N', 'L', 'T', 'I', 'N', 'R', 'C', 'L', 'A', 'S', '<EOS>', '<PAD>']"
CP06576,CTSPDGACNTPPQCCSKYCISISTTCN,CTSPDGACNTPPQCCSKYCISISTTCN,27,C T S P D G A C N T P P Q C C S K Y C I S I S T T C N <EOS> <PAD> <PAD> <PAD>,"['C', 'T', 'S', 'P', 'D', 'G', 'A', 'C', 'N', 'T', 'P', 'P', 'Q', 'C', 'C', 'S', 'K', 'Y', 'C', 'I', 'S', 'I', 'S', 'T', 'T', 'C', 'N', '<EOS>', '<PAD>', '<PAD>', '<PAD>']"
CP06570,CTSPGGACYSASTCCSKACNLTTKRCVLS,CTSPGGACYSASTCCSKACNLTTKRCVLS,29,C T S P G G A C Y S A S T C C S K A C N L T T K R C V L S <EOS> <PAD>,"['C', 'T', 'S', 'P', 'G', 'G', 'A', 'C', 'Y', 'S', 'A', 'S', 'T', 'C', 'C', 'S', 'K', 'A', 'C', 'N', 'L', 'T', 'T', 'K', 'R', 'C', 'V', 'L', 'S', '<EOS>', '<PAD>']"
CP06986,CTTMNCLKGHCGCSPDCGSC,CTTMNCLKGHCGCSPDCGSC,20,C T T M N C L K G H C G C S P D C G S C <EOS> <PAD> <PAD> <PAD> <PAD> <PAD> <PAD> <PAD> <PAD> <PAD> <PAD>,"['C', 'T', 'T', 'M', 'N', 'C', 'L', 'K', 'G', 'H', 'C', 'G', 'C', 'S', 'P', 'D', 'C', 'G', 'S', 'C', '<EOS>', '<PAD>', '<PAD>', '<PAD>', '<PAD>', '<PAD>', '<PAD>', '<PAD>', '<PAD>', '<PAD>', '<PAD>']"
CP07633,CTYWLGPCIVDSECCFNSCEERFCGLW,CTYWLGPCIVDSECCFNSCEERFCGLW,27,C T Y W L G P C I V D S E C C F N S C E E R F C G L W <EOS> <PAD> <PAD> <PAD>,"['C', 'T', 'Y', 'W', 'L', 'G', 'P', 'C', 'I', 'V', 'D', 'S', 'E', 'C', 'C', 'F', 'N', 'S', 'C', 'E', 'E', 'R', 'F', 'C', 'G', 'L', 'W', '<EOS>', '<PAD>', '<PAD>', '<PAD>']"
CP08761,CVDCRPGYKCCGVCTMNQCTGREIPKE,CVDCRPGYKCCGVCTMNQCTGREIPKE,27,C V D C R P G Y K C C G V C T M N Q C T G R E I P K E <EOS> <PAD> <PAD> <PAD>,"['C', 'V', 'D', 'C', 'R', 'P', 'G', 'Y', 'K', 'C', 'C', 'G', 'V', 'C', 'T', 'M', 'N', 'Q', 'C', 'T', 'G', 'R', 'E', 'I', 'P', 'K', 'E', '<EOS>', '<PAD>', '<PAD>', '<PAD>']"
CP06361,CVDPGEFCGPGFGDCCTGFCLLVCI,CVDPGEFCGPGFGDCCTGFCLLVCI,25,C V D P G E F C G P G F G D C C T G F C L L V C I <EOS> <PAD> <PAD> <PAD> <PAD> <PAD>,"['C', 'V', 'D', 'P', 'G', 'E', 'F', 'C', 'G', 'P', 'G', 'F', 'G', 'D', 'C', 'C', 'T', 'G', 'F', 'C', 'L', 'L', 'V', 'C', 'I', '<EOS>', '<PAD>', '<PAD>', '<PAD>', '<PAD>', '<PAD>']"
CP06362,CVEDGDFCGPGYEECCSGFCLYVCI,CVEDGDFCGPGYEECCSGFCLYVCI,25,C V E D G D F C G P G Y E E C C S G F C L Y V C I <EOS> <PAD> <PAD> <PAD> <PAD> <PAD>,"['C', 'V', 'E', 'D', 'G', 'D', 'F', 'C', 'G', 'P', 'G', 'Y', 'E', 'E', 'C', 'C', 'S', 'G', 'F', 'C', 'L', 'Y', 'V', 'C', 'I', '<EOS>', '<PAD>', '<PAD>', '<PAD>', '<PAD>', '<PAD>']"
CP07537,CVGRDSKCGPPPCCMGMTCNYERVRKCT,CVGRDSKCGPPPCCMGMTCNYERVRKCT,28,C V G R D S K C G P P P C C M G M T C N Y E R V R K C T <EOS> <PAD> <PAD>,"['C', 'V', 'G', 'R', 'D', 'S', 'K', 'C', 'G', 'P', 'P', 'P', 'C', 'C', 'M', 'G', 'M', 'T', 'C', 'N', 'Y', 'E', 'R', 'V', 'R', 'K', 'C', 'T', '<EOS>', '<PAD>', '<PAD>']"
CP08242,CVGSCDLNNPCSSGCICNGDKC,CVGSCDLNNPCSSGCICNGDKC,22,C V G S C D L N N P C S S G C I C N G D K C <EOS> <PAD> <PAD> <PAD> <PAD> <PAD> <PAD> <PAD> <PAD>,"['C', 'V', 'G', 'S', 'C', 'D', 'L', 'N', 'N', 'P', 'C', 'S', 'S', 'G', 'C', 'I', 'C', 'N', 'G', 'D', 'K', 'C', '<EOS>', '<PAD>', '<PAD>', '<PAD>', '<PAD>', '<PAD>', '<PAD>', '<PAD>', '<PAD>']"
CP03361,CVHWQTNTARTSCIGP,CVHWQTNTARTSCIGP,16,C V H W Q T N T A R T S C I G P <EOS> <PAD> <PAD> <PAD> <PAD> <PAD> <PAD> <PAD> <PAD> <PAD> <PAD> <PAD> <PAD> <PAD> <PAD>,"['C', 'V', 'H', 'W', 'Q', 'T', 'N', 'T', 'A', 'R', 'T', 'S', 'C', 'I', 'G', 'P', '<EOS>', '<PAD>', '<PAD>', '<PAD>', '<PAD>', '<PAD>', '<PAD>', '<PAD>', '<PAD>', '<PAD>', '<PAD>', '<PAD>', '<PAD>', '<PAD>', '<PAD>']"
CP03360,CVISAGWNHKIRCKLTGNC,CVISAGWNHKIRCKLTGNC,19,C V I S A G W N H K I R C K L T G N C <EOS> <PAD> <PAD> <PAD> <PAD> <PAD> <PAD> <PAD> <PAD> <PAD> <PAD> <PAD>,"['C', 'V', 'I', 'S', 'A', 'G', 'W', 'N', 'H', 'K', 'I', 'R', 'C', 'K', 'L', 'T', 'G', 'N', 'C', '<EOS>', '<PAD>', '<PAD>', '<PAD>', '<PAD>', '<PAD>', '<PAD>', '<PAD>', '<PAD>', '<PAD>', '<PAD>', '<PAD>']"
CP03630,CVKCKCKCGSGVKVKVKVC,CVKCKCKCGSGVKVKVKVC,19,C V K C K C K C G S G V K V K V K V C <EOS> <PAD> <PAD> <PAD> <PAD> <PAD> <PAD> <PAD> <PAD> <PAD> <PAD> <PAD>,"['C', 'V', 'K', 'C', 'K', 'C', 'K', 'C', 'G', 'S', 'G', 'V', 'K', 'V', 'K', 'V', 'K', 'V', 'C', '<EOS>', '<PAD>', '<PAD>', '<PAD>', '<PAD>', '<PAD>', '<PAD>', '<PAD>', '<PAD>', '<PAD>', '<PAD>', '<PAD>']"
CP03633,CVKVQVKVGSGVKVQVKVC,CVKVQVKVGSGVKVQVKVC,19,C V K V Q V K V G S G V K V Q V K V C <EOS> <PAD> <PAD> <PAD> <PAD> <PAD> <PAD> <PAD> <PAD> <PAD> <PAD> <PAD>,"['C', 'V', 'K', 'V', 'Q', 'V', 'K', 'V', 'G', 'S', 'G', 'V', 'K', 'V', 'Q', 'V', 'K', 'V', 'C', '<EOS>', '<PAD>', '<PAD>', '<PAD>', '<PAD>', '<PAD>', '<PAD>', '<PAD>', '<PAD>', '<PAD>', '<PAD>', '<PAD>']"
CP03632,CVKVRVKVGSGVKVRVKVC,CVKVRVKVGSGVKVRVKVC,19,C V K V R V K V G S G V K V R V K V C <EOS> <PAD> <PAD> <PAD> <PAD> <PAD> <PAD> <PAD> <PAD> <PAD> <PAD> <PAD>,"['C', 'V', 'K', 'V', 'R', 'V', 'K', 'V', 'G', 'S', 'G', 'V', 'K', 'V', 'R', 'V', 'K', 'V', 'C', '<EOS>', '<PAD>', '<PAD>', '<PAD>', '<PAD>', '<PAD>', '<PAD>', '<PAD>', '<PAD>', '<PAD>', '<PAD>', '<PAD>']"
CP03631,CVKVSVKVGSGVKVSVKVC,CVKVSVKVGSGVKVSVKVC,19,C V K V S V K V G S G V K V S V K V C <EOS> <PAD> <PAD> <PAD> <PAD> <PAD> <PAD> <PAD> <PAD> <PAD> <PAD> <PAD>,"['C', 'V', 'K', 'V', 'S', 'V', 'K', 'V', 'G', 'S', 'G', 'V', 'K', 'V', 'S', 'V', 'K', 'V', 'C', '<EOS>', '<PAD>', '<PAD>', '<PAD>', '<PAD>', '<PAD>', '<PAD>', '<PAD>', '<PAD>', '<PAD>', '<PAD>', '<PAD>']"
CP06334,CVKYLDPCDMLRHTCCFGLCVLIACI,CVKYLDPCDMLRHTCCFGLCVLIACI,26,C V K Y L D P C D M L R H T C C F G L C V L I A C I <EOS> <PAD> <PAD> <PAD> <PAD>,"['C', 'V', 'K', 'Y', 'L', 'D', 'P', 'C', 'D', 'M', 'L', 'R', 'H', 'T', 'C', 'C', 'F', 'G', 'L', 'C', 'V', 'L', 'I', 'A', 'C', 'I', '<EOS>', '<PAD>', '<PAD>', '<PAD>', '<PAD>']"
CP06319,CVPHEGPCNWLTQNCCSGYNCIIFFCL,CVPHEGPCNWLTQNCCSGYNCIIFFCL,27,C V P H E G P C N W L T Q N C C S G Y N C I I F F C L <EOS> <PAD> <PAD> <PAD>,"['C', 'V', 'P', 'H', 'E', 'G', 'P', 'C', 'N', 'W', 'L', 'T', 'Q', 'N', 'C', 'C', 'S', 'G', 'Y', 'N', 'C', 'I', 'I', 'F', 'F', 'C', 'L', '<EOS>', '<PAD>', '<PAD>', '<PAD>']"
CP07533,CVPSGGSCSRTAYSCCHGSCSGGRC,CVPSGGSCSRTAYSCCHGSCSGGRC,25,C V P S G G S C S R T A Y S C C H G S C S G G R C <EOS> <PAD> <PAD> <PAD> <PAD> <PAD>,"['C', 'V', 'P', 'S', 'G', 'G', 'S', 'C', 'S', 'R', 'T', 'A', 'Y', 'S', 'C', 'C', 'H', 'G', 'S', 'C', 'S', 'G', 'G', 'R', 'C', '<EOS>', '<PAD>', '<PAD>', '<PAD>', '<PAD>', '<PAD>']"
CP07811,CVPYEGACNWLTQNCCDAVCVVFFCL,CVPYEGACNWLTQNCCDAVCVVFFCL,26,C V P Y E G A C N W L T Q N C C D A V C V V F F C L <EOS> <PAD> <PAD> <PAD> <PAD>,"['C', 'V', 'P', 'Y', 'E', 'G', 'A', 'C', 'N', 'W', 'L', 'T', 'Q', 'N', 'C', 'C', 'D', 'A', 'V', 'C', 'V', 'V', 'F', 'F', 'C', 'L', '<EOS>', '<PAD>', '<PAD>', '<PAD>', '<PAD>']"
CP06089,CVPYEGPCNWLTQNCCDATCVVFWCL,CVPYEGPCNWLTQNCCDATCVVFWCL,26,C V P Y E G P C N W L T Q N C C D A T C V V F W C L <EOS> <PAD> <PAD> <PAD> <PAD>,"['C', 'V', 'P', 'Y', 'E', 'G', 'P', 'C', 'N', 'W', 'L', 'T', 'Q', 'N', 'C', 'C', 'D', 'A', 'T', 'C', 'V', 'V', 'F', 'W', 'C', 'L', '<EOS>', '<PAD>', '<PAD>', '<PAD>', '<PAD>']"
CP06325,CVPYEGPCNWLTQNCCDELCVFFCL,CVPYEGPCNWLTQNCCDELCVFFCL,25,C V P Y E G P C N W L T Q N C C D E L C V F F C L <EOS> <PAD> <PAD> <PAD> <PAD> <PAD>,"['C', 'V', 'P', 'Y', 'E', 'G', 'P', 'C', 'N', 'W', 'L', 'T', 'Q', 'N', 'C', 'C', 'D', 'E', 'L', 'C', 'V', 'F', 'F', 'C', 'L', '<EOS>', '<PAD>', '<PAD>', '<PAD>', '<PAD>', '<PAD>']"
CP02168;CP02185,CVQCCGFGPLCWSCDGNCK,CVQCCGFGPLCWSCDGNCK,19,C V Q C C G F G P L C W S C D G N C K <EOS> <PAD> <PAD> <PAD> <PAD> <PAD> <PAD> <PAD> <PAD> <PAD> <PAD> <PAD>,"['C', 'V', 'Q', 'C', 'C', 'G', 'F', 'G', 'P', 'L', 'C', 'W', 'S', 'C', 'D', 'G', 'N', 'C', 'K', '<EOS>', '<PAD>', '<PAD>', '<PAD>', '<PAD>', '<PAD>', '<PAD>', '<PAD>', '<PAD>', '<PAD>', '<PAD>', '<PAD>']"
CP07625,CVSPGGVCQHKDECCSDRCEQSAIVSICKQ,CVSPGGVCQHKDECCSDRCEQSAIVSICKQ,30,C V S P G G V C Q H K D E C C S D R C E Q S A I V S I C K Q <EOS>,"['C', 'V', 'S', 'P', 'G', 'G', 'V', 'C', 'Q', 'H', 'K', 'D', 'E', 'C', 'C', 'S', 'D', 'R', 'C', 'E', 'Q', 'S', 'A', 'I', 'V', 'S', 'I', 'C', 'K', 'Q', '<EOS>']"
CP03636,CWKWKWKWGSGWKWKWKWC,CWKWKWKWGSGWKWKWKWC,19,C W K W K W K W G S G W K W K W K W C <EOS> <PAD> <PAD> <PAD> <PAD> <PAD> <PAD> <PAD> <PAD> <PAD> <PAD> <PAD>,"['C', 'W', 'K', 'W', 'K', 'W', 'K', 'W', 'G', 'S', 'G', 'W', 'K', 'W', 'K', 'W', 'K', 'W', 'C', '<EOS>', '<PAD>', '<PAD>', '<PAD>', '<PAD>', '<PAD>', '<PAD>', '<PAD>', '<PAD>', '<PAD>', '<PAD>', '<PAD>']"
CP06346,CYDGGTGCDSGNQCCSGWCIFACL,CYDGGTGCDSGNQCCSGWCIFACL,24,C Y D G G T G C D S G N Q C C S G W C I F A C L <EOS> <PAD> <PAD> <PAD> <PAD> <PAD> <PAD>,"['C', 'Y', 'D', 'G', 'G', 'T', 'G', 'C', 'D', 'S', 'G', 'N', 'Q', 'C', 'C', 'S', 'G', 'W', 'C', 'I', 'F', 'A', 'C', 'L', '<EOS>', '<PAD>', '<PAD>', '<PAD>', '<PAD>', '<PAD>', '<PAD>']"
CP06087,CYDGGTSCDSGIQCCSGWCIFVCF,CYDGGTSCDSGIQCCSGWCIFVCF,24,C Y D G G T S C D S G I Q C C S G W C I F V C F <EOS> <PAD> <PAD> <PAD> <PAD> <PAD> <PAD>,"['C', 'Y', 'D', 'G', 'G', 'T', 'S', 'C', 'D', 'S', 'G', 'I', 'Q', 'C', 'C', 'S', 'G', 'W', 'C', 'I', 'F', 'V', 'C', 'F', '<EOS>', '<PAD>', '<PAD>', '<PAD>', '<PAD>', '<PAD>', '<PAD>']"
CP06350,CYDSGTSCNTGNQCCSGWCIFVSCL,CYDSGTSCNTGNQCCSGWCIFVSCL,25,C Y D S G T S C N T G N Q C C S G W C I F V S C L <EOS> <PAD> <PAD> <PAD> <PAD> <PAD>,"['C', 'Y', 'D', 'S', 'G', 'T', 'S', 'C', 'N', 'T', 'G', 'N', 'Q', 'C', 'C', 'S', 'G', 'W', 'C', 'I', 'F', 'V', 'S', 'C', 'L', '<EOS>', '<PAD>', '<PAD>', '<PAD>', '<PAD>', '<PAD>']"
CP07815,CYDSWTACDSPKLCCSGWCLFVCV,CYDSWTACDSPKLCCSGWCLFVCV,24,C Y D S W T A C D S P K L C C S G W C L F V C V <EOS> <PAD> <PAD> <PAD> <PAD> <PAD> <PAD>,"['C', 'Y', 'D', 'S', 'W', 'T', 'A', 'C', 'D', 'S', 'P', 'K', 'L', 'C', 'C', 'S', 'G', 'W', 'C', 'L', 'F', 'V', 'C', 'V', '<EOS>', '<PAD>', '<PAD>', '<PAD>', '<PAD>', '<PAD>', '<PAD>']"
CP01194,CYFQNCPKGGKA,CYFQNCPKGGKA,12,C Y F Q N C P K G G K A <EOS> <PAD> <PAD> <PAD> <PAD> <PAD> <PAD> <PAD> <PAD> <PAD> <PAD> <PAD> <PAD> <PAD> <PAD> <PAD> <PAD> <PAD> <PAD>,"['C', 'Y', 'F', 'Q', 'N', 'C', 'P', 'K', 'G', 'G', 'K', 'A', '<EOS>', '<PAD>', '<PAD>', '<PAD>', '<PAD>', '<PAD>', '<PAD>', '<PAD>', '<PAD>', '<PAD>', '<PAD>', '<PAD>', '<PAD>', '<PAD>', '<PAD>', '<PAD>', '<PAD>', '<PAD>', '<PAD>']"
CP06070,CYGFGEACLVLYTDCCGYCVLAVCL,CYGFGEACLVLYTDCCGYCVLAVCL,25,C Y G F G E A C L V L Y T D C C G Y C V L A V C L <EOS> <PAD> <PAD> <PAD> <PAD> <PAD>,"['C', 'Y', 'G', 'F', 'G', 'E', 'A', 'C', 'L', 'V', 'L', 'Y', 'T', 'D', 'C', 'C', 'G', 'Y', 'C', 'V', 'L', 'A', 'V', 'C', 'L', '<EOS>', '<PAD>', '<PAD>', '<PAD>', '<PAD>', '<PAD>']"
CP01520,CYIQNCPAGGK,CYIQNCPAGGK,11,C Y I Q N C P A G G K <EOS> <PAD> <PAD> <PAD> <PAD> <PAD> <PAD> <PAD> <PAD> <PAD> <PAD> <PAD> <PAD> <PAD> <PAD> <PAD> <PAD> <PAD> <PAD> <PAD>,"['C', 'Y', 'I', 'Q', 'N', 'C', 'P', 'A', 'G', 'G', 'K', '<EOS>', '<PAD>', '<PAD>', '<PAD>', '<PAD>', '<PAD>', '<PAD>', '<PAD>', '<PAD>', '<PAD>', '<PAD>', '<PAD>', '<PAD>', '<PAD>', '<PAD>', '<PAD>', '<PAD>', '<PAD>', '<PAD>', '<PAD>']"
CP08272,CYPEGEYCEYNYQCCESSCCVNYCRYPCR,CYPEGEYCEYNYQCCESSCCVNYCRYPCR,29,C Y P E G E Y C E Y N Y Q C C E S S C C V N Y C R Y P C R <EOS> <PAD>,"['C', 'Y', 'P', 'E', 'G', 'E', 'Y', 'C', 'E', 'Y', 'N', 'Y', 'Q', 'C', 'C', 'E', 'S', 'S', 'C', 'C', 'V', 'N', 'Y', 'C', 'R', 'Y', 'P', 'C', 'R', '<EOS>', '<PAD>']"
CP06827,DAEVVSTESDVIVTCEPCMNPACGPNYGKC,DAEVVSTESDVIVTCEPCMNPACGPNYGKC,30,D A E V V S T E S D V I V T C E P C M N P A C G P N Y G K C <EOS>,"['D', 'A', 'E', 'V', 'V', 'S', 'T', 'E', 'S', 'D', 'V', 'I', 'V', 'T', 'C', 'E', 'P', 'C', 'M', 'N', 'P', 'A', 'C', 'G', 'P', 'N', 'Y', 'G', 'K', 'C', '<EOS>']"
CP08812,DCCANPVCNGKHC,DCCANPVCNGKHC,13,D C C A N P V C N G K H C <EOS> <PAD> <PAD> <PAD> <PAD> <PAD> <PAD> <PAD> <PAD> <PAD> <PAD> <PAD> <PAD> <PAD> <PAD> <PAD> <PAD> <PAD>,"['D', 'C', 'C', 'A', 'N', 'P', 'V', 'C', 'N', 'G', 'K', 'H', 'C', '<EOS>', '<PAD>', '<PAD>', '<PAD>', '<PAD>', '<PAD>', '<PAD>', '<PAD>', '<PAD>', '<PAD>', '<PAD>', '<PAD>', '<PAD>', '<PAD>', '<PAD>', '<PAD>', '<PAD>', '<PAD>']"
CP06399,DCCDPKEPCCFI,DCCDPKEPCCFI,12,D C C D P K E P C C F I <EOS> <PAD> <PAD> <PAD> <PAD> <PAD> <PAD> <PAD> <PAD> <PAD> <PAD> <PAD> <PAD> <PAD> <PAD> <PAD> <PAD> <PAD> <PAD>,"['D', 'C', 'C', 'D', 'P', 'K', 'E', 'P', 'C', 'C', 'F', 'I', '<EOS>', '<PAD>', '<PAD>', '<PAD>', '<PAD>', '<PAD>', '<PAD>', '<PAD>', '<PAD>', '<PAD>', '<PAD>', '<PAD>', '<PAD>', '<PAD>', '<PAD>', '<PAD>', '<PAD>', '<PAD>', '<PAD>']"
CP06388,DCCEQGWCDGGCDCCQ,DCCEQGWCDGGCDCCQ,16,D C C E Q G W C D G G C D C C Q <EOS> <PAD> <PAD> <PAD> <PAD> <PAD> <PAD> <PAD> <PAD> <PAD> <PAD> <PAD> <PAD> <PAD> <PAD>,"['D', 'C', 'C', 'E', 'Q', 'G', 'W', 'C', 'D', 'G', 'G', 'C', 'D', 'C', 'C', 'Q', '<EOS>', '<PAD>', '<PAD>', '<PAD>', '<PAD>', '<PAD>', '<PAD>', '<PAD>', '<PAD>', '<PAD>', '<PAD>', '<PAD>', '<PAD>', '<PAD>', '<PAD>']"
CP06393,DCCLRHFLCCV,DCCLRHFLCCV,11,D C C L R H F L C C V <EOS> <PAD> <PAD> <PAD> <PAD> <PAD> <PAD> <PAD> <PAD> <PAD> <PAD> <PAD> <PAD> <PAD> <PAD> <PAD> <PAD> <PAD> <PAD> <PAD>,"['D', 'C', 'C', 'L', 'R', 'H', 'F', 'L', 'C', 'C', 'V', '<EOS>', '<PAD>', '<PAD>', '<PAD>', '<PAD>', '<PAD>', '<PAD>', '<PAD>', '<PAD>', '<PAD>', '<PAD>', '<PAD>', '<PAD>', '<PAD>', '<PAD>', '<PAD>', '<PAD>', '<PAD>', '<PAD>', '<PAD>']"
CP06520,DCCPAKLLCCNP,DCCPAKLLCCNP,12,D C C P A K L L C C N P <EOS> <PAD> <PAD> <PAD> <PAD> <PAD> <PAD> <PAD> <PAD> <PAD> <PAD> <PAD> <PAD> <PAD> <PAD> <PAD> <PAD> <PAD> <PAD>,"['D', 'C', 'C', 'P', 'A', 'K', 'L', 'L', 'C', 'C', 'N', 'P', '<EOS>', '<PAD>', '<PAD>', '<PAD>', '<PAD>', '<PAD>', '<PAD>', '<PAD>', '<PAD>', '<PAD>', '<PAD>', '<PAD>', '<PAD>', '<PAD>', '<PAD>', '<PAD>', '<PAD>', '<PAD>', '<PAD>']"
CP06146,DCCPAKMFCCQW,DCCPAKMFCCQW,12,D C C P A K M F C C Q W <EOS> <PAD> <PAD> <PAD> <PAD> <PAD> <PAD> <PAD> <PAD> <PAD> <PAD> <PAD> <PAD> <PAD> <PAD> <PAD> <PAD> <PAD> <PAD>,"['D', 'C', 'C', 'P', 'A', 'K', 'M', 'F', 'C', 'C', 'Q', 'W', '<EOS>', '<PAD>', '<PAD>', '<PAD>', '<PAD>', '<PAD>', '<PAD>', '<PAD>', '<PAD>', '<PAD>', '<PAD>', '<PAD>', '<PAD>', '<PAD>', '<PAD>', '<PAD>', '<PAD>', '<PAD>', '<PAD>']"
CP06528,DCCPANLLCCNP,DCCPANLLCCNP,12,D C C P A N L L C C N P <EOS> <PAD> <PAD> <PAD> <PAD> <PAD> <PAD> <PAD> <PAD> <PAD> <PAD> <PAD> <PAD> <PAD> <PAD> <PAD> <PAD> <PAD> <PAD>,"['D', 'C', 'C', 'P', 'A', 'N', 'L', 'L', 'C', 'C', 'N', 'P', '<EOS>', '<PAD>', '<PAD>', '<PAD>', '<PAD>', '<PAD>', '<PAD>', '<PAD>', '<PAD>', '<PAD>', '<PAD>', '<PAD>', '<PAD>', '<PAD>', '<PAD>', '<PAD>', '<PAD>', '<PAD>', '<PAD>']"
CP08337,DCCPEKMWCCPL,DCCPEKMWCCPL,12,D C C P E K M W C C P L <EOS> <PAD> <PAD> <PAD> <PAD> <PAD> <PAD> <PAD> <PAD> <PAD> <PAD> <PAD> <PAD> <PAD> <PAD> <PAD> <PAD> <PAD> <PAD>,"['D', 'C', 'C', 'P', 'E', 'K', 'M', 'W', 'C', 'C', 'P', 'L', '<EOS>', '<PAD>', '<PAD>', '<PAD>', '<PAD>', '<PAD>', '<PAD>', '<PAD>', '<PAD>', '<PAD>', '<PAD>', '<PAD>', '<PAD>', '<PAD>', '<PAD>', '<PAD>', '<PAD>', '<PAD>', '<PAD>']"
CP08694,DCCPRSILCCEFS,DCCPRSILCCEFS,13,D C C P R S I L C C E F S <EOS> <PAD> <PAD> <PAD> <PAD> <PAD> <PAD> <PAD> <PAD> <PAD> <PAD> <PAD> <PAD> <PAD> <PAD> <PAD> <PAD> <PAD>,"['D', 'C', 'C', 'P', 'R', 'S', 'I', 'L', 'C', 'C', 'E', 'F', 'S', '<EOS>', '<PAD>', '<PAD>', '<PAD>', '<PAD>', '<PAD>', '<PAD>', '<PAD>', '<PAD>', '<PAD>', '<PAD>', '<PAD>', '<PAD>', '<PAD>', '<PAD>', '<PAD>', '<PAD>', '<PAD>']"
CP06527,DCCPSKLLCCNP,DCCPSKLLCCNP,12,D C C P S K L L C C N P <EOS> <PAD> <PAD> <PAD> <PAD> <PAD> <PAD> <PAD> <PAD> <PAD> <PAD> <PAD> <PAD> <PAD> <PAD> <PAD> <PAD> <PAD> <PAD>,"['D', 'C', 'C', 'P', 'S', 'K', 'L', 'L', 'C', 'C', 'N', 'P', '<EOS>', '<PAD>', '<PAD>', '<PAD>', '<PAD>', '<PAD>', '<PAD>', '<PAD>', '<PAD>', '<PAD>', '<PAD>', '<PAD>', '<PAD>', '<PAD>', '<PAD>', '<PAD>', '<PAD>', '<PAD>', '<PAD>']"
CP07423,DCCPVAGMPLWMQPLLWMTSFVIGTSSSNE,DCCPVAGMPLWMQPLLWMTSFVIGTSSSNE,30,D C C P V A G M P L W M Q P L L W M T S F V I G T S S S N E <EOS>,"['D', 'C', 'C', 'P', 'V', 'A', 'G', 'M', 'P', 'L', 'W', 'M', 'Q', 'P', 'L', 'L', 'W', 'M', 'T', 'S', 'F', 'V', 'I', 'G', 'T', 'S', 'S', 'S', 'N', 'E', '<EOS>']"
CP07282,DCCSLSACVPPPACECC,DCCSLSACVPPPACECC,17,D C C S L S A C V P P P A C E C C <EOS> <PAD> <PAD> <PAD> <PAD> <PAD> <PAD> <PAD> <PAD> <PAD> <PAD> <PAD> <PAD> <PAD>,"['D', 'C', 'C', 'S', 'L', 'S', 'A', 'C', 'V', 'P', 'P', 'P', 'A', 'C', 'E', 'C', 'C', '<EOS>', '<PAD>', '<PAD>', '<PAD>', '<PAD>', '<PAD>', '<PAD>', '<PAD>', '<PAD>', '<PAD>', '<PAD>', '<PAD>', '<PAD>', '<PAD>']"
CP08316,DCCSRPPCRWSHPELCS,DCCSRPPCRWSHPELCS,17,D C C S R P P C R W S H P E L C S <EOS> <PAD> <PAD> <PAD> <PAD> <PAD> <PAD> <PAD> <PAD> <PAD> <PAD> <PAD> <PAD> <PAD>,"['D', 'C', 'C', 'S', 'R', 'P', 'P', 'C', 'R', 'W', 'S', 'H', 'P', 'E', 'L', 'C', 'S', '<EOS>', '<PAD>', '<PAD>', '<PAD>', '<PAD>', '<PAD>', '<PAD>', '<PAD>', '<PAD>', '<PAD>', '<PAD>', '<PAD>', '<PAD>', '<PAD>']"
CP06382,DCCVMPWCDGACDCCVSS,DCCVMPWCDGACDCCVSS,18,D C C V M P W C D G A C D C C V S S <EOS> <PAD> <PAD> <PAD> <PAD> <PAD> <PAD> <PAD> <PAD> <PAD> <PAD> <PAD> <PAD>,"['D', 'C', 'C', 'V', 'M', 'P', 'W', 'C', 'D', 'G', 'A', 'C', 'D', 'C', 'C', 'V', 'S', 'S', '<EOS>', '<PAD>', '<PAD>', '<PAD>', '<PAD>', '<PAD>', '<PAD>', '<PAD>', '<PAD>', '<PAD>', '<PAD>', '<PAD>', '<PAD>']"
CP07931,DCCWPGRPDCCAP,DCCWPGRPDCCAP,13,D C C W P G R P D C C A P <EOS> <PAD> <PAD> <PAD> <PAD> <PAD> <PAD> <PAD> <PAD> <PAD> <PAD> <PAD> <PAD> <PAD> <PAD> <PAD> <PAD> <PAD>,"['D', 'C', 'C', 'W', 'P', 'G', 'R', 'P', 'D', 'C', 'C', 'A', 'P', '<EOS>', '<PAD>', '<PAD>', '<PAD>', '<PAD>', '<PAD>', '<PAD>', '<PAD>', '<PAD>', '<PAD>', '<PAD>', '<PAD>', '<PAD>', '<PAD>', '<PAD>', '<PAD>', '<PAD>', '<PAD>']"
CP07645,DCGEQGEGCATRPCCEELSCVGSRPGGLCQ,DCGEQGEGCATRPCCEELSCVGSRPGGLCQ,30,D C G E Q G E G C A T R P C C E E L S C V G S R P G G L C Q <EOS>,"['D', 'C', 'G', 'E', 'Q', 'G', 'E', 'G', 'C', 'A', 'T', 'R', 'P', 'C', 'C', 'E', 'E', 'L', 'S', 'C', 'V', 'G', 'S', 'R', 'P', 'G', 'G', 'L', 'C', 'Q', '<EOS>']"
CP06929,DCGPWCWGQNKCCPDESCRSLHESCT,DCGPWCWGQNKCCPDESCRSLHESCT,26,D C G P W C W G Q N K C C P D E S C R S L H E S C T <EOS> <PAD> <PAD> <PAD> <PAD>,"['D', 'C', 'G', 'P', 'W', 'C', 'W', 'G', 'Q', 'N', 'K', 'C', 'C', 'P', 'D', 'E', 'S', 'C', 'R', 'S', 'L', 'H', 'E', 'S', 'C', 'T', '<EOS>', '<PAD>', '<PAD>', '<PAD>', '<PAD>']"
CP06968,DCGRCGLGQICDAGACRPSTMM,DCGRCGLGQICDAGACRPSTMM,22,D C G R C G L G Q I C D A G A C R P S T M M <EOS> <PAD> <PAD> <PAD> <PAD> <PAD> <PAD> <PAD> <PAD>,"['D', 'C', 'G', 'R', 'C', 'G', 'L', 'G', 'Q', 'I', 'C', 'D', 'A', 'G', 'A', 'C', 'R', 'P', 'S', 'T', 'M', 'M', '<EOS>', '<PAD>', '<PAD>', '<PAD>', '<PAD>', '<PAD>', '<PAD>', '<PAD>', '<PAD>']"
CP06969,DCGRCPLGQYCDAEAGMCKPTLIM,DCGRCPLGQYCDAEAGMCKPTLIM,24,D C G R C P L G Q Y C D A E A G M C K P T L I M <EOS> <PAD> <PAD> <PAD> <PAD> <PAD> <PAD>,"['D', 'C', 'G', 'R', 'C', 'P', 'L', 'G', 'Q', 'Y', 'C', 'D', 'A', 'E', 'A', 'G', 'M', 'C', 'K', 'P', 'T', 'L', 'I', 'M', '<EOS>', '<PAD>', '<PAD>', '<PAD>', '<PAD>', '<PAD>', '<PAD>']"
CP08291,DCHSTGYLCFWWHECCSNFCIPLQQRCF,DCHSTGYLCFWWHECCSNFCIPLQQRCF,28,D C H S T G Y L C F W W H E C C S N F C I P L Q Q R C F <EOS> <PAD> <PAD>,"['D', 'C', 'H', 'S', 'T', 'G', 'Y', 'L', 'C', 'F', 'W', 'W', 'H', 'E', 'C', 'C', 'S', 'N', 'F', 'C', 'I', 'P', 'L', 'Q', 'Q', 'R', 'C', 'F', '<EOS>', '<PAD>', '<PAD>']"
CP08189,DCKALGEFCGIPYVHNSQCCSQLCGFICV,DCKALGEFCGIPYVHNSQCCSQLCGFICV,29,D C K A L G E F C G I P Y V H N S Q C C S Q L C G F I C V <EOS> <PAD>,"['D', 'C', 'K', 'A', 'L', 'G', 'E', 'F', 'C', 'G', 'I', 'P', 'Y', 'V', 'H', 'N', 'S', 'Q', 'C', 'C', 'S', 'Q', 'L', 'C', 'G', 'F', 'I', 'C', 'V', '<EOS>', '<PAD>']"
CP08292,DCKPKNNLCLWSSECCSGICFPFAQRCT,DCKPKNNLCLWSSECCSGICFPFAQRCT,28,D C K P K N N L C L W S S E C C S G I C F P F A Q R C T <EOS> <PAD> <PAD>,"['D', 'C', 'K', 'P', 'K', 'N', 'N', 'L', 'C', 'L', 'W', 'S', 'S', 'E', 'C', 'C', 'S', 'G', 'I', 'C', 'F', 'P', 'F', 'A', 'Q', 'R', 'C', 'T', '<EOS>', '<PAD>', '<PAD>']"
CP07802,DCKWWPYNCSGKEECCSGYCVGYCL,DCKWWPYNCSGKEECCSGYCVGYCL,25,D C K W W P Y N C S G K E E C C S G Y C V G Y C L <EOS> <PAD> <PAD> <PAD> <PAD> <PAD>,"['D', 'C', 'K', 'W', 'W', 'P', 'Y', 'N', 'C', 'S', 'G', 'K', 'E', 'E', 'C', 'C', 'S', 'G', 'Y', 'C', 'V', 'G', 'Y', 'C', 'L', '<EOS>', '<PAD>', '<PAD>', '<PAD>', '<PAD>', '<PAD>']"
CP07942,DCLGAGQFCAAHSWIGVGCCNSFCIVIC,DCLGAGQFCAAHSWIGVGCCNSFCIVIC,28,D C L G A G Q F C A A H S W I G V G C C N S F C I V I C <EOS> <PAD> <PAD>,"['D', 'C', 'L', 'G', 'A', 'G', 'Q', 'F', 'C', 'A', 'A', 'H', 'S', 'W', 'I', 'G', 'V', 'G', 'C', 'C', 'N', 'S', 'F', 'C', 'I', 'V', 'I', 'C', '<EOS>', '<PAD>', '<PAD>']"
CP07593,DCLPDYMLCAFNMGLCCSDKCMLVCLP,DCLPDYMLCAFNMGLCCSDKCMLVCLP,27,D C L P D Y M L C A F N M G L C C S D K C M L V C L P <EOS> <PAD> <PAD> <PAD>,"['D', 'C', 'L', 'P', 'D', 'Y', 'M', 'L', 'C', 'A', 'F', 'N', 'M', 'G', 'L', 'C', 'C', 'S', 'D', 'K', 'C', 'M', 'L', 'V', 'C', 'L', 'P', '<EOS>', '<PAD>', '<PAD>', '<PAD>']"
CP07413,DCLPIGSLCHSSEQCCSGWCSPKRVC,DCLPIGSLCHSSEQCCSGWCSPKRVC,26,D C L P I G S L C H S S E Q C C S G W C S P K R V C <EOS> <PAD> <PAD> <PAD> <PAD>,"['D', 'C', 'L', 'P', 'I', 'G', 'S', 'L', 'C', 'H', 'S', 'S', 'E', 'Q', 'C', 'C', 'S', 'G', 'W', 'C', 'S', 'P', 'K', 'R', 'V', 'C', '<EOS>', '<PAD>', '<PAD>', '<PAD>', '<PAD>']"
CP08184,DCLPPLTWCSMTDDECCNDCVLFLC,DCLPPLTWCSMTDDECCNDCVLFLC,25,D C L P P L T W C S M T D D E C C N D C V L F L C <EOS> <PAD> <PAD> <PAD> <PAD> <PAD>,"['D', 'C', 'L', 'P', 'P', 'L', 'T', 'W', 'C', 'S', 'M', 'T', 'D', 'D', 'E', 'C', 'C', 'N', 'D', 'C', 'V', 'L', 'F', 'L', 'C', '<EOS>', '<PAD>', '<PAD>', '<PAD>', '<PAD>', '<PAD>']"
CP06358,DCQDSGVVCGFPKPEPHCCSGWCLFVCA,DCQDSGVVCGFPKPEPHCCSGWCLFVCA,28,D C Q D S G V V C G F P K P E P H C C S G W C L F V C A <EOS> <PAD> <PAD>,"['D', 'C', 'Q', 'D', 'S', 'G', 'V', 'V', 'C', 'G', 'F', 'P', 'K', 'P', 'E', 'P', 'H', 'C', 'C', 'S', 'G', 'W', 'C', 'L', 'F', 'V', 'C', 'A', '<EOS>', '<PAD>', '<PAD>']"
CP06434,DCSGSGYGCKNTPCCDGLTCRGPHQGPICL,DCSGSGYGCKNTPCCDGLTCRGPHQGPICL,30,D C S G S G Y G C K N T P C C D G L T C R G P H Q G P I C L <EOS>,"['D', 'C', 'S', 'G', 'S', 'G', 'Y', 'G', 'C', 'K', 'N', 'T', 'P', 'C', 'C', 'D', 'G', 'L', 'T', 'C', 'R', 'G', 'P', 'H', 'Q', 'G', 'P', 'I', 'C', 'L', '<EOS>']"
CP08739,DCSPSGDGCHTRTCCPGLRCSGPQQAQVCH,DCSPSGDGCHTRTCCPGLRCSGPQQAQVCH,30,D C S P S G D G C H T R T C C P G L R C S G P Q Q A Q V C H <EOS>,"['D', 'C', 'S', 'P', 'S', 'G', 'D', 'G', 'C', 'H', 'T', 'R', 'T', 'C', 'C', 'P', 'G', 'L', 'R', 'C', 'S', 'G', 'P', 'Q', 'Q', 'A', 'Q', 'V', 'C', 'H', '<EOS>']"
CP06812,DCTPPDGACGFHYHCCSKFCITISSTCN,DCTPPDGACGFHYHCCSKFCITISSTCN,28,D C T P P D G A C G F H Y H C C S K F C I T I S S T C N <EOS> <PAD> <PAD>,"['D', 'C', 'T', 'P', 'P', 'D', 'G', 'A', 'C', 'G', 'F', 'H', 'Y', 'H', 'C', 'C', 'S', 'K', 'F', 'C', 'I', 'T', 'I', 'S', 'S', 'T', 'C', 'N', '<EOS>', '<PAD>', '<PAD>']"
CP06825,DCTPPGGACGFYYHCCSNYCITISSTCN,DCTPPGGACGFYYHCCSNYCITISSTCN,28,D C T P P G G A C G F Y Y H C C S N Y C I T I S S T C N <EOS> <PAD> <PAD>,"['D', 'C', 'T', 'P', 'P', 'G', 'G', 'A', 'C', 'G', 'F', 'Y', 'Y', 'H', 'C', 'C', 'S', 'N', 'Y', 'C', 'I', 'T', 'I', 'S', 'S', 'T', 'C', 'N', '<EOS>', '<PAD>', '<PAD>']"
CP08666,DCTPPGGACGGHAHCCSKSCNIMASTCQ,DCTPPGGACGGHAHCCSKSCNIMASTCQ,28,D C T P P G G A C G G H A H C C S K S C N I M A S T C Q <EOS> <PAD> <PAD>,"['D', 'C', 'T', 'P', 'P', 'G', 'G', 'A', 'C', 'G', 'G', 'H', 'A', 'H', 'C', 'C', 'S', 'K', 'S', 'C', 'N', 'I', 'M', 'A', 'S', 'T', 'C', 'Q', '<EOS>', '<PAD>', '<PAD>']"
CP03362,DCTRWIIGINGRICRD,DCTRWIIGINGRICRD,16,D C T R W I I G I N G R I C R D <EOS> <PAD> <PAD> <PAD> <PAD> <PAD> <PAD> <PAD> <PAD> <PAD> <PAD> <PAD> <PAD> <PAD> <PAD>,"['D', 'C', 'T', 'R', 'W', 'I', 'I', 'G', 'I', 'N', 'G', 'R', 'I', 'C', 'R', 'D', '<EOS>', '<PAD>', '<PAD>', '<PAD>', '<PAD>', '<PAD>', '<PAD>', '<PAD>', '<PAD>', '<PAD>', '<PAD>', '<PAD>', '<PAD>', '<PAD>', '<PAD>']"
CP06423,DCVAGGHFCGFPKIGGPCCSGWCFFVCA,DCVAGGHFCGFPKIGGPCCSGWCFFVCA,28,D C V A G G H F C G F P K I G G P C C S G W C F F V C A <EOS> <PAD> <PAD>,"['D', 'C', 'V', 'A', 'G', 'G', 'H', 'F', 'C', 'G', 'F', 'P', 'K', 'I', 'G', 'G', 'P', 'C', 'C', 'S', 'G', 'W', 'C', 'F', 'F', 'V', 'C', 'A', '<EOS>', '<PAD>', '<PAD>']"
CP06796,DCVKAGTACGFPKPEPACCSSWCIFVCT,DCVKAGTACGFPKPEPACCSSWCIFVCT,28,D C V K A G T A C G F P K P E P A C C S S W C I F V C T <EOS> <PAD> <PAD>,"['D', 'C', 'V', 'K', 'A', 'G', 'T', 'A', 'C', 'G', 'F', 'P', 'K', 'P', 'E', 'P', 'A', 'C', 'C', 'S', 'S', 'W', 'C', 'I', 'F', 'V', 'C', 'T', '<EOS>', '<PAD>', '<PAD>']"
CP06360,DCWPQYWFCGLQRGCCPGTTCFFLCF,DCWPQYWFCGLQRGCCPGTTCFFLCF,26,D C W P Q Y W F C G L Q R G C C P G T T C F F L C F <EOS> <PAD> <PAD> <PAD> <PAD>,"['D', 'C', 'W', 'P', 'Q', 'Y', 'W', 'F', 'C', 'G', 'L', 'Q', 'R', 'G', 'C', 'C', 'P', 'G', 'T', 'T', 'C', 'F', 'F', 'L', 'C', 'F', '<EOS>', '<PAD>', '<PAD>', '<PAD>', '<PAD>']"
CP07660,DDCCLVASCWQRYPERCGG,DDCCLVASCWQRYPERCGG,19,D D C C L V A S C W Q R Y P E R C G G <EOS> <PAD> <PAD> <PAD> <PAD> <PAD> <PAD> <PAD> <PAD> <PAD> <PAD> <PAD>,"['D', 'D', 'C', 'C', 'L', 'V', 'A', 'S', 'C', 'W', 'Q', 'R', 'Y', 'P', 'E', 'R', 'C', 'G', 'G', '<EOS>', '<PAD>', '<PAD>', '<PAD>', '<PAD>', '<PAD>', '<PAD>', '<PAD>', '<PAD>', '<PAD>', '<PAD>', '<PAD>']"
CP06587,DDCCPDPACRQNHPEICPS,DDCCPDPACRQNHPEICPS,19,D D C C P D P A C R Q N H P E I C P S <EOS> <PAD> <PAD> <PAD> <PAD> <PAD> <PAD> <PAD> <PAD> <PAD> <PAD> <PAD>,"['D', 'D', 'C', 'C', 'P', 'D', 'P', 'A', 'C', 'R', 'Q', 'N', 'H', 'P', 'E', 'I', 'C', 'P', 'S', '<EOS>', '<PAD>', '<PAD>', '<PAD>', '<PAD>', '<PAD>', '<PAD>', '<PAD>', '<PAD>', '<PAD>', '<PAD>', '<PAD>']"
CP06586,DDCCPDPACRQNHPELCST,DDCCPDPACRQNHPELCST,19,D D C C P D P A C R Q N H P E L C S T <EOS> <PAD> <PAD> <PAD> <PAD> <PAD> <PAD> <PAD> <PAD> <PAD> <PAD> <PAD>,"['D', 'D', 'C', 'C', 'P', 'D', 'P', 'A', 'C', 'R', 'Q', 'N', 'H', 'P', 'E', 'L', 'C', 'S', 'T', '<EOS>', '<PAD>', '<PAD>', '<PAD>', '<PAD>', '<PAD>', '<PAD>', '<PAD>', '<PAD>', '<PAD>', '<PAD>', '<PAD>']"
CP08341,DDCCPDPSCRQNHPELCA,DDCCPDPSCRQNHPELCA,18,D D C C P D P S C R Q N H P E L C A <EOS> <PAD> <PAD> <PAD> <PAD> <PAD> <PAD> <PAD> <PAD> <PAD> <PAD> <PAD> <PAD>,"['D', 'D', 'C', 'C', 'P', 'D', 'P', 'S', 'C', 'R', 'Q', 'N', 'H', 'P', 'E', 'L', 'C', 'A', '<EOS>', '<PAD>', '<PAD>', '<PAD>', '<PAD>', '<PAD>', '<PAD>', '<PAD>', '<PAD>', '<PAD>', '<PAD>', '<PAD>', '<PAD>']"
CP06048,DDCCPNPPCKASNPDLCDWRS,DDCCPNPPCKASNPDLCDWRS,21,D D C C P N P P C K A S N P D L C D W R S <EOS> <PAD> <PAD> <PAD> <PAD> <PAD> <PAD> <PAD> <PAD> <PAD>,"['D', 'D', 'C', 'C', 'P', 'N', 'P', 'P', 'C', 'K', 'A', 'S', 'N', 'P', 'D', 'L', 'C', 'D', 'W', 'R', 'S', '<EOS>', '<PAD>', '<PAD>', '<PAD>', '<PAD>', '<PAD>', '<PAD>', '<PAD>', '<PAD>', '<PAD>']"
CP08247,DDCCPNPSCRQNHPERC,DDCCPNPSCRQNHPERC,17,D D C C P N P S C R Q N H P E R C <EOS> <PAD> <PAD> <PAD> <PAD> <PAD> <PAD> <PAD> <PAD> <PAD> <PAD> <PAD> <PAD> <PAD>,"['D', 'D', 'C', 'C', 'P', 'N', 'P', 'S', 'C', 'R', 'Q', 'N', 'H', 'P', 'E', 'R', 'C', '<EOS>', '<PAD>', '<PAD>', '<PAD>', '<PAD>', '<PAD>', '<PAD>', '<PAD>', '<PAD>', '<PAD>', '<PAD>', '<PAD>', '<PAD>', '<PAD>']"
CP07233,DDCTTYCYGVHCCPPAFKCAASGCVRNN,DDCTTYCYGVHCCPPAFKCAASGCVRNN,28,D D C T T Y C Y G V H C C P P A F K C A A S G C V R N N <EOS> <PAD> <PAD>,"['D', 'D', 'C', 'T', 'T', 'Y', 'C', 'Y', 'G', 'V', 'H', 'C', 'C', 'P', 'P', 'A', 'F', 'K', 'C', 'A', 'A', 'S', 'G', 'C', 'V', 'R', 'N', 'N', '<EOS>', '<PAD>', '<PAD>']"
CP07028,DDCTTYCYGVHCCPPAFKCAASPSCKQT,DDCTTYCYGVHCCPPAFKCAASPSCKQT,28,D D C T T Y C Y G V H C C P P A F K C A A S P S C K Q T <EOS> <PAD> <PAD>,"['D', 'D', 'C', 'T', 'T', 'Y', 'C', 'Y', 'G', 'V', 'H', 'C', 'C', 'P', 'P', 'A', 'F', 'K', 'C', 'A', 'A', 'S', 'P', 'S', 'C', 'K', 'Q', 'T', '<EOS>', '<PAD>', '<PAD>']"
CP08829;CP08873,DDDCEPPGNFCGMIKIGPPCCSGWCFFACA,DDDCEPPGNFCGMIKIGPPCCSGWCFFACA,30,D D D C E P P G N F C G M I K I G P P C C S G W C F F A C A <EOS>,"['D', 'D', 'D', 'C', 'E', 'P', 'P', 'G', 'N', 'F', 'C', 'G', 'M', 'I', 'K', 'I', 'G', 'P', 'P', 'C', 'C', 'S', 'G', 'W', 'C', 'F', 'F', 'A', 'C', 'A', '<EOS>']"
CP07750,DDECEPPGDFCGFLKLGPPCCSGWCFLWCA,DDECEPPGDFCGFLKLGPPCCSGWCFLWCA,30,D D E C E P P G D F C G F L K L G P P C C S G W C F L W C A <EOS>,"['D', 'D', 'E', 'C', 'E', 'P', 'P', 'G', 'D', 'F', 'C', 'G', 'F', 'L', 'K', 'L', 'G', 'P', 'P', 'C', 'C', 'S', 'G', 'W', 'C', 'F', 'L', 'W', 'C', 'A', '<EOS>']"
CP07752,DDECEPPGVFCGTFKIGPPCCSGWCFLWCA,DDECEPPGVFCGTFKIGPPCCSGWCFLWCA,30,D D E C E P P G V F C G T F K I G P P C C S G W C F L W C A <EOS>,"['D', 'D', 'E', 'C', 'E', 'P', 'P', 'G', 'V', 'F', 'C', 'G', 'T', 'F', 'K', 'I', 'G', 'P', 'P', 'C', 'C', 'S', 'G', 'W', 'C', 'F', 'L', 'W', 'C', 'A', '<EOS>']"
CP08432,DDNPGGTDGKFMNVLRRFGCPWDPWC,DDNPGGTDGKFMNVLRRFGCPWDPWC,26,D D N P G G T D G K F M N V L R R F G C P W D P W C <EOS> <PAD> <PAD> <PAD> <PAD>,"['D', 'D', 'N', 'P', 'G', 'G', 'T', 'D', 'G', 'K', 'F', 'M', 'N', 'V', 'L', 'R', 'R', 'F', 'G', 'C', 'P', 'W', 'D', 'P', 'W', 'C', '<EOS>', '<PAD>', '<PAD>', '<PAD>', '<PAD>']"
CP07570,DECCAIPFCAKIFPGRCP,DECCAIPFCAKIFPGRCP,18,D E C C A I P F C A K I F P G R C P <EOS> <PAD> <PAD> <PAD> <PAD> <PAD> <PAD> <PAD> <PAD> <PAD> <PAD> <PAD> <PAD>,"['D', 'E', 'C', 'C', 'A', 'I', 'P', 'F', 'C', 'A', 'K', 'I', 'F', 'P', 'G', 'R', 'C', 'P', '<EOS>', '<PAD>', '<PAD>', '<PAD>', '<PAD>', '<PAD>', '<PAD>', '<PAD>', '<PAD>', '<PAD>', '<PAD>', '<PAD>', '<PAD>']"
CP07350,DECCSDPRCAVKHQDLC,DECCSDPRCAVKHQDLC,17,D E C C S D P R C A V K H Q D L C <EOS> <PAD> <PAD> <PAD> <PAD> <PAD> <PAD> <PAD> <PAD> <PAD> <PAD> <PAD> <PAD> <PAD>,"['D', 'E', 'C', 'C', 'S', 'D', 'P', 'R', 'C', 'A', 'V', 'K', 'H', 'Q', 'D', 'L', 'C', '<EOS>', '<PAD>', '<PAD>', '<PAD>', '<PAD>', '<PAD>', '<PAD>', '<PAD>', '<PAD>', '<PAD>', '<PAD>', '<PAD>', '<PAD>', '<PAD>']"
CP07351,DECCSNPPCAQAHPEVC,DECCSNPPCAQAHPEVC,17,D E C C S N P P C A Q A H P E V C <EOS> <PAD> <PAD> <PAD> <PAD> <PAD> <PAD> <PAD> <PAD> <PAD> <PAD> <PAD> <PAD> <PAD>,"['D', 'E', 'C', 'C', 'S', 'N', 'P', 'P', 'C', 'A', 'Q', 'A', 'H', 'P', 'E', 'V', 'C', '<EOS>', '<PAD>', '<PAD>', '<PAD>', '<PAD>', '<PAD>', '<PAD>', '<PAD>', '<PAD>', '<PAD>', '<PAD>', '<PAD>', '<PAD>', '<PAD>']"
CP09105;CP09113,DECCSNPSCAQTHPEIC,DECCSNPSCAQTHPEIC,17,D E C C S N P S C A Q T H P E I C <EOS> <PAD> <PAD> <PAD> <PAD> <PAD> <PAD> <PAD> <PAD> <PAD> <PAD> <PAD> <PAD> <PAD>,"['D', 'E', 'C', 'C', 'S', 'N', 'P', 'S', 'C', 'A', 'Q', 'T', 'H', 'P', 'E', 'I', 'C', '<EOS>', '<PAD>', '<PAD>', '<PAD>', '<PAD>', '<PAD>', '<PAD>', '<PAD>', '<PAD>', '<PAD>', '<PAD>', '<PAD>', '<PAD>', '<PAD>']"
CP07707,DEDWVDCCHMPRCCVED,DEDWVDCCHMPRCCVED,17,D E D W V D C C H M P R C C V E D <EOS> <PAD> <PAD> <PAD> <PAD> <PAD> <PAD> <PAD> <PAD> <PAD> <PAD> <PAD> <PAD> <PAD>,"['D', 'E', 'D', 'W', 'V', 'D', 'C', 'C', 'H', 'M', 'P', 'R', 'C', 'C', 'V', 'E', 'D', '<EOS>', '<PAD>', '<PAD>', '<PAD>', '<PAD>', '<PAD>', '<PAD>', '<PAD>', '<PAD>', '<PAD>', '<PAD>', '<PAD>', '<PAD>', '<PAD>']"
CP07387,DGCCSDPACAVNHPDICGG,DGCCSDPACAVNHPDICGG,19,D G C C S D P A C A V N H P D I C G G <EOS> <PAD> <PAD> <PAD> <PAD> <PAD> <PAD> <PAD> <PAD> <PAD> <PAD> <PAD>,"['D', 'G', 'C', 'C', 'S', 'D', 'P', 'A', 'C', 'A', 'V', 'N', 'H', 'P', 'D', 'I', 'C', 'G', 'G', '<EOS>', '<PAD>', '<PAD>', '<PAD>', '<PAD>', '<PAD>', '<PAD>', '<PAD>', '<PAD>', '<PAD>', '<PAD>', '<PAD>']"
CP09104;CP09112,DGCCSSPSCSVNNPDICGG,DGCCSSPSCSVNNPDICGG,19,D G C C S S P S C S V N N P D I C G G <EOS> <PAD> <PAD> <PAD> <PAD> <PAD> <PAD> <PAD> <PAD> <PAD> <PAD> <PAD>,"['D', 'G', 'C', 'C', 'S', 'S', 'P', 'S', 'C', 'S', 'V', 'N', 'N', 'P', 'D', 'I', 'C', 'G', 'G', '<EOS>', '<PAD>', '<PAD>', '<PAD>', '<PAD>', '<PAD>', '<PAD>', '<PAD>', '<PAD>', '<PAD>', '<PAD>', '<PAD>']"
CP08759,DGCCSTPPCIANHPELC,DGCCSTPPCIANHPELC,17,D G C C S T P P C I A N H P E L C <EOS> <PAD> <PAD> <PAD> <PAD> <PAD> <PAD> <PAD> <PAD> <PAD> <PAD> <PAD> <PAD> <PAD>,"['D', 'G', 'C', 'C', 'S', 'T', 'P', 'P', 'C', 'I', 'A', 'N', 'H', 'P', 'E', 'L', 'C', '<EOS>', '<PAD>', '<PAD>', '<PAD>', '<PAD>', '<PAD>', '<PAD>', '<PAD>', '<PAD>', '<PAD>', '<PAD>', '<PAD>', '<PAD>', '<PAD>']"
CP07167,DGCPPHPVPGMHPCMCTNTC,DGCPPHPVPGMHPCMCTNTC,20,D G C P P H P V P G M H P C M C T N T C <EOS> <PAD> <PAD> <PAD> <PAD> <PAD> <PAD> <PAD> <PAD> <PAD> <PAD>,"['D', 'G', 'C', 'P', 'P', 'H', 'P', 'V', 'P', 'G', 'M', 'H', 'P', 'C', 'M', 'C', 'T', 'N', 'T', 'C', '<EOS>', '<PAD>', '<PAD>', '<PAD>', '<PAD>', '<PAD>', '<PAD>', '<PAD>', '<PAD>', '<PAD>', '<PAD>']"
CP06560,DGCSNAGGFCGIHPGLCCSEICLVWCT,DGCSNAGGFCGIHPGLCCSEICLVWCT,27,D G C S N A G G F C G I H P G L C C S E I C L V W C T <EOS> <PAD> <PAD> <PAD>,"['D', 'G', 'C', 'S', 'N', 'A', 'G', 'G', 'F', 'C', 'G', 'I', 'H', 'P', 'G', 'L', 'C', 'C', 'S', 'E', 'I', 'C', 'L', 'V', 'W', 'C', 'T', '<EOS>', '<PAD>', '<PAD>', '<PAD>']"
CP04937,DIPCGSTCLHVKCIPPCYCKNKVLCYRN,DIPCGSTCLHVKCIPPCYCKNKVLCYRN,28,D I P C G S T C L H V K C I P P C Y C K N K V L C Y R N <EOS> <PAD> <PAD>,"['D', 'I', 'P', 'C', 'G', 'S', 'T', 'C', 'L', 'H', 'V', 'K', 'C', 'I', 'P', 'P', 'C', 'Y', 'C', 'K', 'N', 'K', 'V', 'L', 'C', 'Y', 'R', 'N', '<EOS>', '<PAD>', '<PAD>']"
CP08662,DLCPHCPNGCHVDRTCI,DLCPHCPNGCHVDRTCI,17,D L C P H C P N G C H V D R T C I <EOS> <PAD> <PAD> <PAD> <PAD> <PAD> <PAD> <PAD> <PAD> <PAD> <PAD> <PAD> <PAD> <PAD>,"['D', 'L', 'C', 'P', 'H', 'C', 'P', 'N', 'G', 'C', 'H', 'V', 'D', 'R', 'T', 'C', 'I', '<EOS>', '<PAD>', '<PAD>', '<PAD>', '<PAD>', '<PAD>', '<PAD>', '<PAD>', '<PAD>', '<PAD>', '<PAD>', '<PAD>', '<PAD>', '<PAD>']"
CP05661,DLICSQTCFSHPCVPQCVCRNFICYRN,DLICSQTCFSHPCVPQCVCRNFICYRN,27,D L I C S Q T C F S H P C V P Q C V C R N F I C Y R N <EOS> <PAD> <PAD> <PAD>,"['D', 'L', 'I', 'C', 'S', 'Q', 'T', 'C', 'F', 'S', 'H', 'P', 'C', 'V', 'P', 'Q', 'C', 'V', 'C', 'R', 'N', 'F', 'I', 'C', 'Y', 'R', 'N', '<EOS>', '<PAD>', '<PAD>', '<PAD>']"
CP04948,DLICSSTCLHTPCKASVCYCKNAVCYKN,DLICSSTCLHTPCKASVCYCKNAVCYKN,28,D L I C S S T C L H T P C K A S V C Y C K N A V C Y K N <EOS> <PAD> <PAD>,"['D', 'L', 'I', 'C', 'S', 'S', 'T', 'C', 'L', 'H', 'T', 'P', 'C', 'K', 'A', 'S', 'V', 'C', 'Y', 'C', 'K', 'N', 'A', 'V', 'C', 'Y', 'K', 'N', '<EOS>', '<PAD>', '<PAD>']"
CP04015;CP04871,DLQCAETCVHSPCIGPCYCKHGLICYRN,DLQCAETCVHSPCIGPCYCKHGLICYRN,28,D L Q C A E T C V H S P C I G P C Y C K H G L I C Y R N <EOS> <PAD> <PAD>,"['D', 'L', 'Q', 'C', 'A', 'E', 'T', 'C', 'V', 'H', 'S', 'P', 'C', 'I', 'G', 'P', 'C', 'Y', 'C', 'K', 'H', 'G', 'L', 'I', 'C', 'Y', 'R', 'N', '<EOS>', '<PAD>', '<PAD>']"
CP09091;CP09109,DMEECCSHPACQGINPDYCD,DMEECCSHPACQGINPDYCD,20,D M E E C C S H P A C Q G I N P D Y C D <EOS> <PAD> <PAD> <PAD> <PAD> <PAD> <PAD> <PAD> <PAD> <PAD> <PAD>,"['D', 'M', 'E', 'E', 'C', 'C', 'S', 'H', 'P', 'A', 'C', 'Q', 'G', 'I', 'N', 'P', 'D', 'Y', 'C', 'D', '<EOS>', '<PAD>', '<PAD>', '<PAD>', '<PAD>', '<PAD>', '<PAD>', '<PAD>', '<PAD>', '<PAD>', '<PAD>']"
CP07793,DNETVCCERGALCCFV,DNETVCCERGALCCFV,16,D N E T V C C E R G A L C C F V <EOS> <PAD> <PAD> <PAD> <PAD> <PAD> <PAD> <PAD> <PAD> <PAD> <PAD> <PAD> <PAD> <PAD> <PAD>,"['D', 'N', 'E', 'T', 'V', 'C', 'C', 'E', 'R', 'G', 'A', 'L', 'C', 'C', 'F', 'V', '<EOS>', '<PAD>', '<PAD>', '<PAD>', '<PAD>', '<PAD>', '<PAD>', '<PAD>', '<PAD>', '<PAD>', '<PAD>', '<PAD>', '<PAD>', '<PAD>', '<PAD>']"
CP07786,DNKTVCCKRGTLCCFV,DNKTVCCKRGTLCCFV,16,D N K T V C C K R G T L C C F V <EOS> <PAD> <PAD> <PAD> <PAD> <PAD> <PAD> <PAD> <PAD> <PAD> <PAD> <PAD> <PAD> <PAD> <PAD>,"['D', 'N', 'K', 'T', 'V', 'C', 'C', 'K', 'R', 'G', 'T', 'L', 'C', 'C', 'F', 'V', '<EOS>', '<PAD>', '<PAD>', '<PAD>', '<PAD>', '<PAD>', '<PAD>', '<PAD>', '<PAD>', '<PAD>', '<PAD>', '<PAD>', '<PAD>', '<PAD>', '<PAD>']"
CP02123,DNNWSTPWLNG,DNNWSTPWLNG,11,D N N W S T P W L N G <EOS> <PAD> <PAD> <PAD> <PAD> <PAD> <PAD> <PAD> <PAD> <PAD> <PAD> <PAD> <PAD> <PAD> <PAD> <PAD> <PAD> <PAD> <PAD> <PAD>,"['D', 'N', 'N', 'W', 'S', 'T', 'P', 'W', 'L', 'N', 'G', '<EOS>', '<PAD>', '<PAD>', '<PAD>', '<PAD>', '<PAD>', '<PAD>', '<PAD>', '<PAD>', '<PAD>', '<PAD>', '<PAD>', '<PAD>', '<PAD>', '<PAD>', '<PAD>', '<PAD>', '<PAD>', '<PAD>', '<PAD>']"
CP07002,DQCTYCGIYCCPPKFCTSSGCRSP,DQCTYCGIYCCPPKFCTSSGCRSP,24,D Q C T Y C G I Y C C P P K F C T S S G C R S P <EOS> <PAD> <PAD> <PAD> <PAD> <PAD> <PAD>,"['D', 'Q', 'C', 'T', 'Y', 'C', 'G', 'I', 'Y', 'C', 'C', 'P', 'P', 'K', 'F', 'C', 'T', 'S', 'S', 'G', 'C', 'R', 'S', 'P', '<EOS>', '<PAD>', '<PAD>', '<PAD>', '<PAD>', '<PAD>', '<PAD>']"
CP03365,DSMGAVKLAKLLIDKMKCEVTKAC,DSMGAVKLAKLLIDKMKCEVTKAC,24,D S M G A V K L A K L L I D K M K C E V T K A C <EOS> <PAD> <PAD> <PAD> <PAD> <PAD> <PAD>,"['D', 'S', 'M', 'G', 'A', 'V', 'K', 'L', 'A', 'K', 'L', 'L', 'I', 'D', 'K', 'M', 'K', 'C', 'E', 'V', 'T', 'K', 'A', 'C', '<EOS>', '<PAD>', '<PAD>', '<PAD>', '<PAD>', '<PAD>', '<PAD>']"
CP01071,DTMRCMVGRVYRPCWEV,DTMRCMVGRVYRPCWEV,17,D T M R C M V G R V Y R P C W E V <EOS> <PAD> <PAD> <PAD> <PAD> <PAD> <PAD> <PAD> <PAD> <PAD> <PAD> <PAD> <PAD> <PAD>,"['D', 'T', 'M', 'R', 'C', 'M', 'V', 'G', 'R', 'V', 'Y', 'R', 'P', 'C', 'W', 'E', 'V', '<EOS>', '<PAD>', '<PAD>', '<PAD>', '<PAD>', '<PAD>', '<PAD>', '<PAD>', '<PAD>', '<PAD>', '<PAD>', '<PAD>', '<PAD>', '<PAD>']"
CP07703,DVGDDCCSDNVGTCC,DVGDDCCSDNVGTCC,15,D V G D D C C S D N V G T C C <EOS> <PAD> <PAD> <PAD> <PAD> <PAD> <PAD> <PAD> <PAD> <PAD> <PAD> <PAD> <PAD> <PAD> <PAD> <PAD>,"['D', 'V', 'G', 'D', 'D', 'C', 'C', 'S', 'D', 'N', 'V', 'G', 'T', 'C', 'C', '<EOS>', '<PAD>', '<PAD>', '<PAD>', '<PAD>', '<PAD>', '<PAD>', '<PAD>', '<PAD>', '<PAD>', '<PAD>', '<PAD>', '<PAD>', '<PAD>', '<PAD>', '<PAD>']"
CP07613,DVKCIGSCDSTVWHRV,DVKCIGSCDSTVWHRV,16,D V K C I G S C D S T V W H R V <EOS> <PAD> <PAD> <PAD> <PAD> <PAD> <PAD> <PAD> <PAD> <PAD> <PAD> <PAD> <PAD> <PAD> <PAD>,"['D', 'V', 'K', 'C', 'I', 'G', 'S', 'C', 'D', 'S', 'T', 'V', 'W', 'H', 'R', 'V', '<EOS>', '<PAD>', '<PAD>', '<PAD>', '<PAD>', '<PAD>', '<PAD>', '<PAD>', '<PAD>', '<PAD>', '<PAD>', '<PAD>', '<PAD>', '<PAD>', '<PAD>']"
CP07601,DVKSIGSWDFTVWHRV,DVKSIGSWDFTVWHRV,16,D V K S I G S W D F T V W H R V <EOS> <PAD> <PAD> <PAD> <PAD> <PAD> <PAD> <PAD> <PAD> <PAD> <PAD> <PAD> <PAD> <PAD> <PAD>,"['D', 'V', 'K', 'S', 'I', 'G', 'S', 'W', 'D', 'F', 'T', 'V', 'W', 'H', 'R', 'V', '<EOS>', '<PAD>', '<PAD>', '<PAD>', '<PAD>', '<PAD>', '<PAD>', '<PAD>', '<PAD>', '<PAD>', '<PAD>', '<PAD>', '<PAD>', '<PAD>', '<PAD>']"
CP07544,DWCGDAGDACGTLKLRCCSGLCNQYSGTCT,DWCGDAGDACGTLKLRCCSGLCNQYSGTCT,30,D W C G D A G D A C G T L K L R C C S G L C N Q Y S G T C T <EOS>,"['D', 'W', 'C', 'G', 'D', 'A', 'G', 'D', 'A', 'C', 'G', 'T', 'L', 'K', 'L', 'R', 'C', 'C', 'S', 'G', 'L', 'C', 'N', 'Q', 'Y', 'S', 'G', 'T', 'C', 'T', '<EOS>']"
CP07344,DWNGCCVKKAGCCPW,DWNGCCVKKAGCCPW,15,D W N G C C V K K A G C C P W <EOS> <PAD> <PAD> <PAD> <PAD> <PAD> <PAD> <PAD> <PAD> <PAD> <PAD> <PAD> <PAD> <PAD> <PAD> <PAD>,"['D', 'W', 'N', 'G', 'C', 'C', 'V', 'K', 'K', 'A', 'G', 'C', 'C', 'P', 'W', '<EOS>', '<PAD>', '<PAD>', '<PAD>', '<PAD>', '<PAD>', '<PAD>', '<PAD>', '<PAD>', '<PAD>', '<PAD>', '<PAD>', '<PAD>', '<PAD>', '<PAD>', '<PAD>']"
CP07675,DWWDDGCSVWGPCTVNAECCSGDCHETC,DWWDDGCSVWGPCTVNAECCSGDCHETC,28,D W W D D G C S V W G P C T V N A E C C S G D C H E T C <EOS> <PAD> <PAD>,"['D', 'W', 'W', 'D', 'D', 'G', 'C', 'S', 'V', 'W', 'G', 'P', 'C', 'T', 'V', 'N', 'A', 'E', 'C', 'C', 'S', 'G', 'D', 'C', 'H', 'E', 'T', 'C', '<EOS>', '<PAD>', '<PAD>']"
CP08445,DYCCHRGPCMVWC,DYCCHRGPCMVWC,13,D Y C C H R G P C M V W C <EOS> <PAD> <PAD> <PAD> <PAD> <PAD> <PAD> <PAD> <PAD> <PAD> <PAD> <PAD> <PAD> <PAD> <PAD> <PAD> <PAD> <PAD>,"['D', 'Y', 'C', 'C', 'H', 'R', 'G', 'P', 'C', 'M', 'V', 'W', 'C', '<EOS>', '<PAD>', '<PAD>', '<PAD>', '<PAD>', '<PAD>', '<PAD>', '<PAD>', '<PAD>', '<PAD>', '<PAD>', '<PAD>', '<PAD>', '<PAD>', '<PAD>', '<PAD>', '<PAD>', '<PAD>']"
CP08874;CP08880,EACYPPGTFCGIKPGLCCSELCLPAVCVG,EACYPPGTFCGIKPGLCCSELCLPAVCVG,29,E A C Y P P G T F C G I K P G L C C S E L C L P A V C V G <EOS> <PAD>,"['E', 'A', 'C', 'Y', 'P', 'P', 'G', 'T', 'F', 'C', 'G', 'I', 'K', 'P', 'G', 'L', 'C', 'C', 'S', 'E', 'L', 'C', 'L', 'P', 'A', 'V', 'C', 'V', 'G', '<EOS>', '<PAD>']"
CP06546,ECAHSGGACNSHDQCCNAFCDTATRTCV,ECAHSGGACNSHDQCCNAFCDTATRTCV,28,E C A H S G G A C N S H D Q C C N A F C D T A T R T C V <EOS> <PAD> <PAD>,"['E', 'C', 'A', 'H', 'S', 'G', 'G', 'A', 'C', 'N', 'S', 'H', 'D', 'Q', 'C', 'C', 'N', 'A', 'F', 'C', 'D', 'T', 'A', 'T', 'R', 'T', 'C', 'V', '<EOS>', '<PAD>', '<PAD>']"
CP07792,ECCEDGWCCTAAPLTAP,ECCEDGWCCTAAPLTAP,17,E C C E D G W C C T A A P L T A P <EOS> <PAD> <PAD> <PAD> <PAD> <PAD> <PAD> <PAD> <PAD> <PAD> <PAD> <PAD> <PAD> <PAD>,"['E', 'C', 'C', 'E', 'D', 'G', 'W', 'C', 'C', 'T', 'A', 'A', 'P', 'L', 'T', 'A', 'P', '<EOS>', '<PAD>', '<PAD>', '<PAD>', '<PAD>', '<PAD>', '<PAD>', '<PAD>', '<PAD>', '<PAD>', '<PAD>', '<PAD>', '<PAD>', '<PAD>']"
CP08971;CP08972;CP09013,ECCELEWCDGACDCCD,ECCELEWCDGACDCCD,16,E C C E L E W C D G A C D C C D <EOS> <PAD> <PAD> <PAD> <PAD> <PAD> <PAD> <PAD> <PAD> <PAD> <PAD> <PAD> <PAD> <PAD> <PAD>,"['E', 'C', 'C', 'E', 'L', 'E', 'W', 'C', 'D', 'G', 'A', 'C', 'D', 'C', 'C', 'D', '<EOS>', '<PAD>', '<PAD>', '<PAD>', '<PAD>', '<PAD>', '<PAD>', '<PAD>', '<PAD>', '<PAD>', '<PAD>', '<PAD>', '<PAD>', '<PAD>', '<PAD>']"
CP07295,ECCEPSWCDAGCTDGCC,ECCEPSWCDAGCTDGCC,17,E C C E P S W C D A G C T D G C C <EOS> <PAD> <PAD> <PAD> <PAD> <PAD> <PAD> <PAD> <PAD> <PAD> <PAD> <PAD> <PAD> <PAD>,"['E', 'C', 'C', 'E', 'P', 'S', 'W', 'C', 'D', 'A', 'G', 'C', 'T', 'D', 'G', 'C', 'C', '<EOS>', '<PAD>', '<PAD>', '<PAD>', '<PAD>', '<PAD>', '<PAD>', '<PAD>', '<PAD>', '<PAD>', '<PAD>', '<PAD>', '<PAD>', '<PAD>']"
CP08973;CP08974;CP09046,ECCEWEWCDGACDCCN,ECCEWEWCDGACDCCN,16,E C C E W E W C D G A C D C C N <EOS> <PAD> <PAD> <PAD> <PAD> <PAD> <PAD> <PAD> <PAD> <PAD> <PAD> <PAD> <PAD> <PAD> <PAD>,"['E', 'C', 'C', 'E', 'W', 'E', 'W', 'C', 'D', 'G', 'A', 'C', 'D', 'C', 'C', 'N', '<EOS>', '<PAD>', '<PAD>', '<PAD>', '<PAD>', '<PAD>', '<PAD>', '<PAD>', '<PAD>', '<PAD>', '<PAD>', '<PAD>', '<PAD>', '<PAD>', '<PAD>']"
CP06037,ECCGSFACRFGCVPCCV,ECCGSFACRFGCVPCCV,17,E C C G S F A C R F G C V P C C V <EOS> <PAD> <PAD> <PAD> <PAD> <PAD> <PAD> <PAD> <PAD> <PAD> <PAD> <PAD> <PAD> <PAD>,"['E', 'C', 'C', 'G', 'S', 'F', 'A', 'C', 'R', 'F', 'G', 'C', 'V', 'P', 'C', 'C', 'V', '<EOS>', '<PAD>', '<PAD>', '<PAD>', '<PAD>', '<PAD>', '<PAD>', '<PAD>', '<PAD>', '<PAD>', '<PAD>', '<PAD>', '<PAD>', '<PAD>']"
CP05873,ECCNPACGRHYSCGK,ECCNPACGRHYSCGK,15,E C C N P A C G R H Y S C G K <EOS> <PAD> <PAD> <PAD> <PAD> <PAD> <PAD> <PAD> <PAD> <PAD> <PAD> <PAD> <PAD> <PAD> <PAD> <PAD>,"['E', 'C', 'C', 'N', 'P', 'A', 'C', 'G', 'R', 'H', 'Y', 'S', 'C', 'G', 'K', '<EOS>', '<PAD>', '<PAD>', '<PAD>', '<PAD>', '<PAD>', '<PAD>', '<PAD>', '<PAD>', '<PAD>', '<PAD>', '<PAD>', '<PAD>', '<PAD>', '<PAD>', '<PAD>']"
CP08866;CP08867,ECCNPACGRHYSCKG,ECCNPACGRHYSCKG,15,E C C N P A C G R H Y S C K G <EOS> <PAD> <PAD> <PAD> <PAD> <PAD> <PAD> <PAD> <PAD> <PAD> <PAD> <PAD> <PAD> <PAD> <PAD> <PAD>,"['E', 'C', 'C', 'N', 'P', 'A', 'C', 'G', 'R', 'H', 'Y', 'S', 'C', 'K', 'G', '<EOS>', '<PAD>', '<PAD>', '<PAD>', '<PAD>', '<PAD>', '<PAD>', '<PAD>', '<PAD>', '<PAD>', '<PAD>', '<PAD>', '<PAD>', '<PAD>', '<PAD>', '<PAD>']"
CP06227,ECCPQSPPCCHYYYYGSW,ECCPQSPPCCHYYYYGSW,18,E C C P Q S P P C C H Y Y Y Y G S W <EOS> <PAD> <PAD> <PAD> <PAD> <PAD> <PAD> <PAD> <PAD> <PAD> <PAD> <PAD> <PAD>,"['E', 'C', 'C', 'P', 'Q', 'S', 'P', 'P', 'C', 'C', 'H', 'Y', 'Y', 'Y', 'Y', 'G', 'S', 'W', '<EOS>', '<PAD>', '<PAD>', '<PAD>', '<PAD>', '<PAD>', '<PAD>', '<PAD>', '<PAD>', '<PAD>', '<PAD>', '<PAD>', '<PAD>']"
CP06939,ECIEGSEPCEVFRPYTCCSGHCIIFVCA,ECIEGSEPCEVFRPYTCCSGHCIIFVCA,28,E C I E G S E P C E V F R P Y T C C S G H C I I F V C A <EOS> <PAD> <PAD>,"['E', 'C', 'I', 'E', 'G', 'S', 'E', 'P', 'C', 'E', 'V', 'F', 'R', 'P', 'Y', 'T', 'C', 'C', 'S', 'G', 'H', 'C', 'I', 'I', 'F', 'V', 'C', 'A', '<EOS>', '<PAD>', '<PAD>']"
CP08234,ECLPKGAGCDEPFECCSHLCTGRLHTTC,ECLPKGAGCDEPFECCSHLCTGRLHTTC,28,E C L P K G A G C D E P F E C C S H L C T G R L H T T C <EOS> <PAD> <PAD>,"['E', 'C', 'L', 'P', 'K', 'G', 'A', 'G', 'C', 'D', 'E', 'P', 'F', 'E', 'C', 'C', 'S', 'H', 'L', 'C', 'T', 'G', 'R', 'L', 'H', 'T', 'T', 'C', '<EOS>', '<PAD>', '<PAD>']"
CP06964,ECPPRCPTSHCNAGTC,ECPPRCPTSHCNAGTC,16,E C P P R C P T S H C N A G T C <EOS> <PAD> <PAD> <PAD> <PAD> <PAD> <PAD> <PAD> <PAD> <PAD> <PAD> <PAD> <PAD> <PAD> <PAD>,"['E', 'C', 'P', 'P', 'R', 'C', 'P', 'T', 'S', 'H', 'C', 'N', 'A', 'G', 'T', 'C', '<EOS>', '<PAD>', '<PAD>', '<PAD>', '<PAD>', '<PAD>', '<PAD>', '<PAD>', '<PAD>', '<PAD>', '<PAD>', '<PAD>', '<PAD>', '<PAD>', '<PAD>']"
CP07876,ECREKGQGCTNTALCCPGLECEGQGSKELC,ECREKGQGCTNTALCCPGLECEGQGSKELC,30,E C R E K G Q G C T N T A L C C P G L E C E G Q G S K E L C <EOS>,"['E', 'C', 'R', 'E', 'K', 'G', 'Q', 'G', 'C', 'T', 'N', 'T', 'A', 'L', 'C', 'C', 'P', 'G', 'L', 'E', 'C', 'E', 'G', 'Q', 'G', 'S', 'K', 'E', 'L', 'C', '<EOS>']"
CP07036,ECRGYNAPCSAGAPCCSWWTCSTQTSRCF,ECRGYNAPCSAGAPCCSWWTCSTQTSRCF,29,E C R G Y N A P C S A G A P C C S W W T C S T Q T S R C F <EOS> <PAD>,"['E', 'C', 'R', 'G', 'Y', 'N', 'A', 'P', 'C', 'S', 'A', 'G', 'A', 'P', 'C', 'C', 'S', 'W', 'W', 'T', 'C', 'S', 'T', 'Q', 'T', 'S', 'R', 'C', 'F', '<EOS>', '<PAD>']"
CP06428,ECRQPGEFCFPVVAKCCGGTCLVICI,ECRQPGEFCFPVVAKCCGGTCLVICI,26,E C R Q P G E F C F P V V A K C C G G T C L V I C I <EOS> <PAD> <PAD> <PAD> <PAD>,"['E', 'C', 'R', 'Q', 'P', 'G', 'E', 'F', 'C', 'F', 'P', 'V', 'V', 'A', 'K', 'C', 'C', 'G', 'G', 'T', 'C', 'L', 'V', 'I', 'C', 'I', '<EOS>', '<PAD>', '<PAD>', '<PAD>', '<PAD>']"
CP06983,ECSESGEWCGLDPALCCGSSCFFTCN,ECSESGEWCGLDPALCCGSSCFFTCN,26,E C S E S G E W C G L D P A L C C G S S C F F T C N <EOS> <PAD> <PAD> <PAD> <PAD>,"['E', 'C', 'S', 'E', 'S', 'G', 'E', 'W', 'C', 'G', 'L', 'D', 'P', 'A', 'L', 'C', 'C', 'G', 'S', 'S', 'C', 'F', 'F', 'T', 'C', 'N', '<EOS>', '<PAD>', '<PAD>', '<PAD>', '<PAD>']"
CP08282,ECSRKGEWCGLESVLCCNGGSWNCWFVCTA,ECSRKGEWCGLESVLCCNGGSWNCWFVCTA,30,E C S R K G E W C G L E S V L C C N G G S W N C W F V C T A <EOS>,"['E', 'C', 'S', 'R', 'K', 'G', 'E', 'W', 'C', 'G', 'L', 'E', 'S', 'V', 'L', 'C', 'C', 'N', 'G', 'G', 'S', 'W', 'N', 'C', 'W', 'F', 'V', 'C', 'T', 'A', '<EOS>']"
CP08261,ECSSYDEYCFPGIRDCCSGFCFIICI,ECSSYDEYCFPGIRDCCSGFCFIICI,26,E C S S Y D E Y C F P G I R D C C S G F C F I I C I <EOS> <PAD> <PAD> <PAD> <PAD>,"['E', 'C', 'S', 'S', 'Y', 'D', 'E', 'Y', 'C', 'F', 'P', 'G', 'I', 'R', 'D', 'C', 'C', 'S', 'G', 'F', 'C', 'F', 'I', 'I', 'C', 'I', '<EOS>', '<PAD>', '<PAD>', '<PAD>', '<PAD>']"
CP08898;CP09090,ECTAPSGYCDYPEECCEVECGRHYCDWWY,ECTAPSGYCDYPEECCEVECGRHYCDWWY,29,E C T A P S G Y C D Y P E E C C E V E C G R H Y C D W W Y <EOS> <PAD>,"['E', 'C', 'T', 'A', 'P', 'S', 'G', 'Y', 'C', 'D', 'Y', 'P', 'E', 'E', 'C', 'C', 'E', 'V', 'E', 'C', 'G', 'R', 'H', 'Y', 'C', 'D', 'W', 'W', 'Y', '<EOS>', '<PAD>']"
CP06856,ECTDSGGACNSHDQCCNEFCSTATRTCI,ECTDSGGACNSHDQCCNEFCSTATRTCI,28,E C T D S G G A C N S H D Q C C N E F C S T A T R T C I <EOS> <PAD> <PAD>,"['E', 'C', 'T', 'D', 'S', 'G', 'G', 'A', 'C', 'N', 'S', 'H', 'D', 'Q', 'C', 'C', 'N', 'E', 'F', 'C', 'S', 'T', 'A', 'T', 'R', 'T', 'C', 'I', '<EOS>', '<PAD>', '<PAD>']"
CP06551,ECTHSGGACNSHTQCCDDFCSTATSTCI,ECTHSGGACNSHTQCCDDFCSTATSTCI,28,E C T H S G G A C N S H T Q C C D D F C S T A T S T C I <EOS> <PAD> <PAD>,"['E', 'C', 'T', 'H', 'S', 'G', 'G', 'A', 'C', 'N', 'S', 'H', 'T', 'Q', 'C', 'C', 'D', 'D', 'F', 'C', 'S', 'T', 'A', 'T', 'S', 'T', 'C', 'I', '<EOS>', '<PAD>', '<PAD>']"
CP06581,ECTPPEGACNHPSHCCEDFCDRGRNRCM,ECTPPEGACNHPSHCCEDFCDRGRNRCM,28,E C T P P E G A C N H P S H C C E D F C D R G R N R C M <EOS> <PAD> <PAD>,"['E', 'C', 'T', 'P', 'P', 'E', 'G', 'A', 'C', 'N', 'H', 'P', 'S', 'H', 'C', 'C', 'E', 'D', 'F', 'C', 'D', 'R', 'G', 'R', 'N', 'R', 'C', 'M', '<EOS>', '<PAD>', '<PAD>']"
CP07472,ECTPPGGACGLPTHCCGFCDMANNRCL,ECTPPGGACGLPTHCCGFCDMANNRCL,27,E C T P P G G A C G L P T H C C G F C D M A N N R C L <EOS> <PAD> <PAD> <PAD>,"['E', 'C', 'T', 'P', 'P', 'G', 'G', 'A', 'C', 'G', 'L', 'P', 'T', 'H', 'C', 'C', 'G', 'F', 'C', 'D', 'M', 'A', 'N', 'N', 'R', 'C', 'L', '<EOS>', '<PAD>', '<PAD>', '<PAD>']"
CP06582,ECTPPGGACNIHPHCCEEFCDMANNRCLEM,ECTPPGGACNIHPHCCEEFCDMANNRCLEM,30,E C T P P G G A C N I H P H C C E E F C D M A N N R C L E M <EOS>,"['E', 'C', 'T', 'P', 'P', 'G', 'G', 'A', 'C', 'N', 'I', 'H', 'P', 'H', 'C', 'C', 'E', 'E', 'F', 'C', 'D', 'M', 'A', 'N', 'N', 'R', 'C', 'L', 'E', 'M', '<EOS>']"
CP06579,ECTPPGGACYYHSQCCGDFCQRYINSCL,ECTPPGGACYYHSQCCGDFCQRYINSCL,28,E C T P P G G A C Y Y H S Q C C G D F C Q R Y I N S C L <EOS> <PAD> <PAD>,"['E', 'C', 'T', 'P', 'P', 'G', 'G', 'A', 'C', 'Y', 'Y', 'H', 'S', 'Q', 'C', 'C', 'G', 'D', 'F', 'C', 'Q', 'R', 'Y', 'I', 'N', 'S', 'C', 'L', '<EOS>', '<PAD>', '<PAD>']"
CP06580,ECTRPGGACYYDSHCCRHVCHEVFNTCM,ECTRPGGACYYDSHCCRHVCHEVFNTCM,28,E C T R P G G A C Y Y D S H C C R H V C H E V F N T C M <EOS> <PAD> <PAD>,"['E', 'C', 'T', 'R', 'P', 'G', 'G', 'A', 'C', 'Y', 'Y', 'D', 'S', 'H', 'C', 'C', 'R', 'H', 'V', 'C', 'H', 'E', 'V', 'F', 'N', 'T', 'C', 'M', '<EOS>', '<PAD>', '<PAD>']"
CP06857,ECTRSGGACNSHDQCCANFCRKATSTCM,ECTRSGGACNSHDQCCANFCRKATSTCM,28,E C T R S G G A C N S H D Q C C A N F C R K A T S T C M <EOS> <PAD> <PAD>,"['E', 'C', 'T', 'R', 'S', 'G', 'G', 'A', 'C', 'N', 'S', 'H', 'D', 'Q', 'C', 'C', 'A', 'N', 'F', 'C', 'R', 'K', 'A', 'T', 'S', 'T', 'C', 'M', '<EOS>', '<PAD>', '<PAD>']"
CP06553,ECTRSGGACNSHTQCCDDFCDTATRTCV,ECTRSGGACNSHTQCCDDFCDTATRTCV,28,E C T R S G G A C N S H T Q C C D D F C D T A T R T C V <EOS> <PAD> <PAD>,"['E', 'C', 'T', 'R', 'S', 'G', 'G', 'A', 'C', 'N', 'S', 'H', 'T', 'Q', 'C', 'C', 'D', 'D', 'F', 'C', 'D', 'T', 'A', 'T', 'R', 'T', 'C', 'V', '<EOS>', '<PAD>', '<PAD>']"
CP06859,ECTRSGGACYSHNQCCDDFCSTATSTCI,ECTRSGGACYSHNQCCDDFCSTATSTCI,28,E C T R S G G A C Y S H N Q C C D D F C S T A T S T C I <EOS> <PAD> <PAD>,"['E', 'C', 'T', 'R', 'S', 'G', 'G', 'A', 'C', 'Y', 'S', 'H', 'N', 'Q', 'C', 'C', 'D', 'D', 'F', 'C', 'S', 'T', 'A', 'T', 'S', 'T', 'C', 'I', '<EOS>', '<PAD>', '<PAD>']"
CP07662,EDCCALHACWMYC,EDCCALHACWMYC,13,E D C C A L H A C W M Y C <EOS> <PAD> <PAD> <PAD> <PAD> <PAD> <PAD> <PAD> <PAD> <PAD> <PAD> <PAD> <PAD> <PAD> <PAD> <PAD> <PAD> <PAD>,"['E', 'D', 'C', 'C', 'A', 'L', 'H', 'A', 'C', 'W', 'M', 'Y', 'C', '<EOS>', '<PAD>', '<PAD>', '<PAD>', '<PAD>', '<PAD>', '<PAD>', '<PAD>', '<PAD>', '<PAD>', '<PAD>', '<PAD>', '<PAD>', '<PAD>', '<PAD>', '<PAD>', '<PAD>', '<PAD>']"
CP06426,EDCEAGGRFCGFPKIGEPCCSGWCFFVCA,EDCEAGGRFCGFPKIGEPCCSGWCFFVCA,29,E D C E A G G R F C G F P K I G E P C C S G W C F F V C A <EOS> <PAD>,"['E', 'D', 'C', 'E', 'A', 'G', 'G', 'R', 'F', 'C', 'G', 'F', 'P', 'K', 'I', 'G', 'E', 'P', 'C', 'C', 'S', 'G', 'W', 'C', 'F', 'F', 'V', 'C', 'A', '<EOS>', '<PAD>']"
CP02982;CP03665,EDGLHPRLCSC,EDGLHPRLCSC,11,E D G L H P R L C S C <EOS> <PAD> <PAD> <PAD> <PAD> <PAD> <PAD> <PAD> <PAD> <PAD> <PAD> <PAD> <PAD> <PAD> <PAD> <PAD> <PAD> <PAD> <PAD> <PAD>,"['E', 'D', 'G', 'L', 'H', 'P', 'R', 'L', 'C', 'S', 'C', '<EOS>', '<PAD>', '<PAD>', '<PAD>', '<PAD>', '<PAD>', '<PAD>', '<PAD>', '<PAD>', '<PAD>', '<PAD>', '<PAD>', '<PAD>', '<PAD>', '<PAD>', '<PAD>', '<PAD>', '<PAD>', '<PAD>', '<PAD>']"
CP08237,EEPCKERRQPCERNEECCNDSCNRFYC,EEPCKERRQPCERNEECCNDSCNRFYC,27,E E P C K E R R Q P C E R N E E C C N D S C N R F Y C <EOS> <PAD> <PAD> <PAD>,"['E', 'E', 'P', 'C', 'K', 'E', 'R', 'R', 'Q', 'P', 'C', 'E', 'R', 'N', 'E', 'E', 'C', 'C', 'N', 'D', 'S', 'C', 'N', 'R', 'F', 'Y', 'C', '<EOS>', '<PAD>', '<PAD>', '<PAD>']"
CP08979;CP08980,EFILPAVGRTCCDLTWCDGNCRCCTP,EFILPAVGRTCCDLTWCDGNCRCCTP,26,E F I L P A V G R T C C D L T W C D G N C R C C T P <EOS> <PAD> <PAD> <PAD> <PAD>,"['E', 'F', 'I', 'L', 'P', 'A', 'V', 'G', 'R', 'T', 'C', 'C', 'D', 'L', 'T', 'W', 'C', 'D', 'G', 'N', 'C', 'R', 'C', 'C', 'T', 'P', '<EOS>', '<PAD>', '<PAD>', '<PAD>', '<PAD>']"
CP07370,EGCCSDPRCSGKHQDLCS,EGCCSDPRCSGKHQDLCS,18,E G C C S D P R C S G K H Q D L C S <EOS> <PAD> <PAD> <PAD> <PAD> <PAD> <PAD> <PAD> <PAD> <PAD> <PAD> <PAD> <PAD>,"['E', 'G', 'C', 'C', 'S', 'D', 'P', 'R', 'C', 'S', 'G', 'K', 'H', 'Q', 'D', 'L', 'C', 'S', '<EOS>', '<PAD>', '<PAD>', '<PAD>', '<PAD>', '<PAD>', '<PAD>', '<PAD>', '<PAD>', '<PAD>', '<PAD>', '<PAD>', '<PAD>']"
CP07643,EGCCSNPACRTNHPEVCD,EGCCSNPACRTNHPEVCD,18,E G C C S N P A C R T N H P E V C D <EOS> <PAD> <PAD> <PAD> <PAD> <PAD> <PAD> <PAD> <PAD> <PAD> <PAD> <PAD> <PAD>,"['E', 'G', 'C', 'C', 'S', 'N', 'P', 'A', 'C', 'R', 'T', 'N', 'H', 'P', 'E', 'V', 'C', 'D', '<EOS>', '<PAD>', '<PAD>', '<PAD>', '<PAD>', '<PAD>', '<PAD>', '<PAD>', '<PAD>', '<PAD>', '<PAD>', '<PAD>', '<PAD>']"
CP06416,EGNCTPWLGGCTSPEECCPGNCETYCRAW,EGNCTPWLGGCTSPEECCPGNCETYCRAW,29,E G N C T P W L G G C T S P E E C C P G N C E T Y C R A W <EOS> <PAD>,"['E', 'G', 'N', 'C', 'T', 'P', 'W', 'L', 'G', 'G', 'C', 'T', 'S', 'P', 'E', 'E', 'C', 'C', 'P', 'G', 'N', 'C', 'E', 'T', 'Y', 'C', 'R', 'A', 'W', '<EOS>', '<PAD>']"
CP02248,EGWNYNPILGEG,EGWNYNPILGEG,12,E G W N Y N P I L G E G <EOS> <PAD> <PAD> <PAD> <PAD> <PAD> <PAD> <PAD> <PAD> <PAD> <PAD> <PAD> <PAD> <PAD> <PAD> <PAD> <PAD> <PAD> <PAD>,"['E', 'G', 'W', 'N', 'Y', 'N', 'P', 'I', 'L', 'G', 'E', 'G', '<EOS>', '<PAD>', '<PAD>', '<PAD>', '<PAD>', '<PAD>', '<PAD>', '<PAD>', '<PAD>', '<PAD>', '<PAD>', '<PAD>', '<PAD>', '<PAD>', '<PAD>', '<PAD>', '<PAD>', '<PAD>', '<PAD>']"
CP07283,EIILPALRVQSFIACTMGWC,EIILPALRVQSFIACTMGWC,20,E I I L P A L R V Q S F I A C T M G W C <EOS> <PAD> <PAD> <PAD> <PAD> <PAD> <PAD> <PAD> <PAD> <PAD> <PAD>,"['E', 'I', 'I', 'L', 'P', 'A', 'L', 'R', 'V', 'Q', 'S', 'F', 'I', 'A', 'C', 'T', 'M', 'G', 'W', 'C', '<EOS>', '<PAD>', '<PAD>', '<PAD>', '<PAD>', '<PAD>', '<PAD>', '<PAD>', '<PAD>', '<PAD>', '<PAD>']"
CP06406,EILNIIDSISDVAKQICCQITVDCCVLDEE,EILNIIDSISDVAKQICCQITVDCCVLDEE,30,E I L N I I D S I S D V A K Q I C C Q I T V D C C V L D E E <EOS>,"['E', 'I', 'L', 'N', 'I', 'I', 'D', 'S', 'I', 'S', 'D', 'V', 'A', 'K', 'Q', 'I', 'C', 'C', 'Q', 'I', 'T', 'V', 'D', 'C', 'C', 'V', 'L', 'D', 'E', 'E', '<EOS>']"
CP06405,EIVNIIDSISDVAKQICCEITVQCCVLDEE,EIVNIIDSISDVAKQICCEITVQCCVLDEE,30,E I V N I I D S I S D V A K Q I C C E I T V Q C C V L D E E <EOS>,"['E', 'I', 'V', 'N', 'I', 'I', 'D', 'S', 'I', 'S', 'D', 'V', 'A', 'K', 'Q', 'I', 'C', 'C', 'E', 'I', 'T', 'V', 'Q', 'C', 'C', 'V', 'L', 'D', 'E', 'E', '<EOS>']"
CP06387,EMILPALRQWQCCTMAWCDSGCLCCE,EMILPALRQWQCCTMAWCDSGCLCCE,26,E M I L P A L R Q W Q C C T M A W C D S G C L C C E <EOS> <PAD> <PAD> <PAD> <PAD>,"['E', 'M', 'I', 'L', 'P', 'A', 'L', 'R', 'Q', 'W', 'Q', 'C', 'C', 'T', 'M', 'A', 'W', 'C', 'D', 'S', 'G', 'C', 'L', 'C', 'C', 'E', '<EOS>', '<PAD>', '<PAD>', '<PAD>', '<PAD>']"
CP01712;CP01713,ENPVVHFFFNIVTPRTP,ENPVVHFFFNIVTPRTP,17,E N P V V H F F F N I V T P R T P <EOS> <PAD> <PAD> <PAD> <PAD> <PAD> <PAD> <PAD> <PAD> <PAD> <PAD> <PAD> <PAD> <PAD>,"['E', 'N', 'P', 'V', 'V', 'H', 'F', 'F', 'F', 'N', 'I', 'V', 'T', 'P', 'R', 'T', 'P', '<EOS>', '<PAD>', '<PAD>', '<PAD>', '<PAD>', '<PAD>', '<PAD>', '<PAD>', '<PAD>', '<PAD>', '<PAD>', '<PAD>', '<PAD>', '<PAD>']"
CP02611,ESCVWIPCISAAIGCSCKSKVCYRNGIPCG,ESCVWIPCISAAIGCSCKSKVCYRNGIPCG,30,E S C V W I P C I S A A I G C S C K S K V C Y R N G I P C G <EOS>,"['E', 'S', 'C', 'V', 'W', 'I', 'P', 'C', 'I', 'S', 'A', 'A', 'I', 'G', 'C', 'S', 'C', 'K', 'S', 'K', 'V', 'C', 'Y', 'R', 'N', 'G', 'I', 'P', 'C', 'G', '<EOS>']"
CP08286,ETGCKKDGSWCWIPSECCIESCLITCWY,ETGCKKDGSWCWIPSECCIESCLITCWY,28,E T G C K K D G S W C W I P S E C C I E S C L I T C W Y <EOS> <PAD> <PAD>,"['E', 'T', 'G', 'C', 'K', 'K', 'D', 'G', 'S', 'W', 'C', 'W', 'I', 'P', 'S', 'E', 'C', 'C', 'I', 'E', 'S', 'C', 'L', 'I', 'T', 'C', 'W', 'Y', '<EOS>', '<PAD>', '<PAD>']"
CP00889;CP01271;CP01272,EVVVPAITVVFGV,EVVVPAITVVFGV,13,E V V V P A I T V V F G V <EOS> <PAD> <PAD> <PAD> <PAD> <PAD> <PAD> <PAD> <PAD> <PAD> <PAD> <PAD> <PAD> <PAD> <PAD> <PAD> <PAD> <PAD>,"['E', 'V', 'V', 'V', 'P', 'A', 'I', 'T', 'V', 'V', 'F', 'G', 'V', '<EOS>', '<PAD>', '<PAD>', '<PAD>', '<PAD>', '<PAD>', '<PAD>', '<PAD>', '<PAD>', '<PAD>', '<PAD>', '<PAD>', '<PAD>', '<PAD>', '<PAD>', '<PAD>', '<PAD>', '<PAD>']"
CP02209,EWIGIPDNWLG,EWIGIPDNWLG,11,E W I G I P D N W L G <EOS> <PAD> <PAD> <PAD> <PAD> <PAD> <PAD> <PAD> <PAD> <PAD> <PAD> <PAD> <PAD> <PAD> <PAD> <PAD> <PAD> <PAD> <PAD> <PAD>,"['E', 'W', 'I', 'G', 'I', 'P', 'D', 'N', 'W', 'L', 'G', '<EOS>', '<PAD>', '<PAD>', '<PAD>', '<PAD>', '<PAD>', '<PAD>', '<PAD>', '<PAD>', '<PAD>', '<PAD>', '<PAD>', '<PAD>', '<PAD>', '<PAD>', '<PAD>', '<PAD>', '<PAD>', '<PAD>', '<PAD>']"
CP01212,FATMAYPSDSDE,FATMAYPSDSDE,12,F A T M A Y P S D S D E <EOS> <PAD> <PAD> <PAD> <PAD> <PAD> <PAD> <PAD> <PAD> <PAD> <PAD> <PAD> <PAD> <PAD> <PAD> <PAD> <PAD> <PAD> <PAD>,"['F', 'A', 'T', 'M', 'A', 'Y', 'P', 'S', 'D', 'S', 'D', 'E', '<EOS>', '<PAD>', '<PAD>', '<PAD>', '<PAD>', '<PAD>', '<PAD>', '<PAD>', '<PAD>', '<PAD>', '<PAD>', '<PAD>', '<PAD>', '<PAD>', '<PAD>', '<PAD>', '<PAD>', '<PAD>', '<PAD>']"
CP07781,FCCFPEHWCCEW,FCCFPEHWCCEW,12,F C C F P E H W C C E W <EOS> <PAD> <PAD> <PAD> <PAD> <PAD> <PAD> <PAD> <PAD> <PAD> <PAD> <PAD> <PAD> <PAD> <PAD> <PAD> <PAD> <PAD> <PAD>,"['F', 'C', 'C', 'F', 'P', 'E', 'H', 'W', 'C', 'C', 'E', 'W', '<EOS>', '<PAD>', '<PAD>', '<PAD>', '<PAD>', '<PAD>', '<PAD>', '<PAD>', '<PAD>', '<PAD>', '<PAD>', '<PAD>', '<PAD>', '<PAD>', '<PAD>', '<PAD>', '<PAD>', '<PAD>', '<PAD>']"
CP06017,FCCPFIRYCCW,FCCPFIRYCCW,11,F C C P F I R Y C C W <EOS> <PAD> <PAD> <PAD> <PAD> <PAD> <PAD> <PAD> <PAD> <PAD> <PAD> <PAD> <PAD> <PAD> <PAD> <PAD> <PAD> <PAD> <PAD> <PAD>,"['F', 'C', 'C', 'P', 'F', 'I', 'R', 'Y', 'C', 'C', 'W', '<EOS>', '<PAD>', '<PAD>', '<PAD>', '<PAD>', '<PAD>', '<PAD>', '<PAD>', '<PAD>', '<PAD>', '<PAD>', '<PAD>', '<PAD>', '<PAD>', '<PAD>', '<PAD>', '<PAD>', '<PAD>', '<PAD>', '<PAD>']"
CP06016,FCCPVIRYCCW,FCCPVIRYCCW,11,F C C P V I R Y C C W <EOS> <PAD> <PAD> <PAD> <PAD> <PAD> <PAD> <PAD> <PAD> <PAD> <PAD> <PAD> <PAD> <PAD> <PAD> <PAD> <PAD> <PAD> <PAD> <PAD>,"['F', 'C', 'C', 'P', 'V', 'I', 'R', 'Y', 'C', 'C', 'W', '<EOS>', '<PAD>', '<PAD>', '<PAD>', '<PAD>', '<PAD>', '<PAD>', '<PAD>', '<PAD>', '<PAD>', '<PAD>', '<PAD>', '<PAD>', '<PAD>', '<PAD>', '<PAD>', '<PAD>', '<PAD>', '<PAD>', '<PAD>']"
CP07250,FCCVFPWCTGCYCC,FCCVFPWCTGCYCC,14,F C C V F P W C T G C Y C C <EOS> <PAD> <PAD> <PAD> <PAD> <PAD> <PAD> <PAD> <PAD> <PAD> <PAD> <PAD> <PAD> <PAD> <PAD> <PAD> <PAD>,"['F', 'C', 'C', 'V', 'F', 'P', 'W', 'C', 'T', 'G', 'C', 'Y', 'C', 'C', '<EOS>', '<PAD>', '<PAD>', '<PAD>', '<PAD>', '<PAD>', '<PAD>', '<PAD>', '<PAD>', '<PAD>', '<PAD>', '<PAD>', '<PAD>', '<PAD>', '<PAD>', '<PAD>', '<PAD>']"
CP07298,FCFFTITNMSGGCLV,FCFFTITNMSGGCLV,15,F C F F T I T N M S G G C L V <EOS> <PAD> <PAD> <PAD> <PAD> <PAD> <PAD> <PAD> <PAD> <PAD> <PAD> <PAD> <PAD> <PAD> <PAD> <PAD>,"['F', 'C', 'F', 'F', 'T', 'I', 'T', 'N', 'M', 'S', 'G', 'G', 'C', 'L', 'V', '<EOS>', '<PAD>', '<PAD>', '<PAD>', '<PAD>', '<PAD>', '<PAD>', '<PAD>', '<PAD>', '<PAD>', '<PAD>', '<PAD>', '<PAD>', '<PAD>', '<PAD>', '<PAD>']"
CP05779,FCGEFCEIFPCRTPGCVCIKGFCVK,FCGEFCEIFPCRTPGCVCIKGFCVK,25,F C G E F C E I F P C R T P G C V C I K G F C V K <EOS> <PAD> <PAD> <PAD> <PAD> <PAD>,"['F', 'C', 'G', 'E', 'F', 'C', 'E', 'I', 'F', 'P', 'C', 'R', 'T', 'P', 'G', 'C', 'V', 'C', 'I', 'K', 'G', 'F', 'C', 'V', 'K', '<EOS>', '<PAD>', '<PAD>', '<PAD>', '<PAD>', '<PAD>']"
CP07941,FCLDQGEFCGWVIFSEDCCSGFCLFACI,FCLDQGEFCGWVIFSEDCCSGFCLFACI,28,F C L D Q G E F C G W V I F S E D C C S G F C L F A C I <EOS> <PAD> <PAD>,"['F', 'C', 'L', 'D', 'Q', 'G', 'E', 'F', 'C', 'G', 'W', 'V', 'I', 'F', 'S', 'E', 'D', 'C', 'C', 'S', 'G', 'F', 'C', 'L', 'F', 'A', 'C', 'I', '<EOS>', '<PAD>', '<PAD>']"
CP01235,FCRCLCRRGVCRCICTRG,FCRCLCRRGVCRCICTRG,18,F C R C L C R R G V C R C I C T R G <EOS> <PAD> <PAD> <PAD> <PAD> <PAD> <PAD> <PAD> <PAD> <PAD> <PAD> <PAD> <PAD>,"['F', 'C', 'R', 'C', 'L', 'C', 'R', 'R', 'G', 'V', 'C', 'R', 'C', 'I', 'C', 'T', 'R', 'G', '<EOS>', '<PAD>', '<PAD>', '<PAD>', '<PAD>', '<PAD>', '<PAD>', '<PAD>', '<PAD>', '<PAD>', '<PAD>', '<PAD>', '<PAD>']"
CP06050,FCSDPPCRISNPESCGWEP,FCSDPPCRISNPESCGWEP,19,F C S D P P C R I S N P E S C G W E P <EOS> <PAD> <PAD> <PAD> <PAD> <PAD> <PAD> <PAD> <PAD> <PAD> <PAD> <PAD>,"['F', 'C', 'S', 'D', 'P', 'P', 'C', 'R', 'I', 'S', 'N', 'P', 'E', 'S', 'C', 'G', 'W', 'E', 'P', '<EOS>', '<PAD>', '<PAD>', '<PAD>', '<PAD>', '<PAD>', '<PAD>', '<PAD>', '<PAD>', '<PAD>', '<PAD>', '<PAD>']"
CP06049,FCSDPSCRFGNPELCDWRR,FCSDPSCRFGNPELCDWRR,19,F C S D P S C R F G N P E L C D W R R <EOS> <PAD> <PAD> <PAD> <PAD> <PAD> <PAD> <PAD> <PAD> <PAD> <PAD> <PAD>,"['F', 'C', 'S', 'D', 'P', 'S', 'C', 'R', 'F', 'G', 'N', 'P', 'E', 'L', 'C', 'D', 'W', 'R', 'R', '<EOS>', '<PAD>', '<PAD>', '<PAD>', '<PAD>', '<PAD>', '<PAD>', '<PAD>', '<PAD>', '<PAD>', '<PAD>', '<PAD>']"
CP03252,FCTMIPIPRCY,FCTMIPIPRCY,11,F C T M I P I P R C Y <EOS> <PAD> <PAD> <PAD> <PAD> <PAD> <PAD> <PAD> <PAD> <PAD> <PAD> <PAD> <PAD> <PAD> <PAD> <PAD> <PAD> <PAD> <PAD> <PAD>,"['F', 'C', 'T', 'M', 'I', 'P', 'I', 'P', 'R', 'C', 'Y', '<EOS>', '<PAD>', '<PAD>', '<PAD>', '<PAD>', '<PAD>', '<PAD>', '<PAD>', '<PAD>', '<PAD>', '<PAD>', '<PAD>', '<PAD>', '<PAD>', '<PAD>', '<PAD>', '<PAD>', '<PAD>', '<PAD>', '<PAD>']"
CP06884,FDDLMLLLCCRQGPVCFIPLNEWPCSRM,FDDLMLLLCCRQGPVCFIPLNEWPCSRM,28,F D D L M L L L C C R Q G P V C F I P L N E W P C S R M <EOS> <PAD> <PAD>,"['F', 'D', 'D', 'L', 'M', 'L', 'L', 'L', 'C', 'C', 'R', 'Q', 'G', 'P', 'V', 'C', 'F', 'I', 'P', 'L', 'N', 'E', 'W', 'P', 'C', 'S', 'R', 'M', '<EOS>', '<PAD>', '<PAD>']"
CP04224,FFCVQGTANRFTINVC,FFCVQGTANRFTINVC,16,F F C V Q G T A N R F T I N V C <EOS> <PAD> <PAD> <PAD> <PAD> <PAD> <PAD> <PAD> <PAD> <PAD> <PAD> <PAD> <PAD> <PAD> <PAD>,"['F', 'F', 'C', 'V', 'Q', 'G', 'T', 'A', 'N', 'R', 'F', 'T', 'I', 'N', 'V', 'C', '<EOS>', '<PAD>', '<PAD>', '<PAD>', '<PAD>', '<PAD>', '<PAD>', '<PAD>', '<PAD>', '<PAD>', '<PAD>', '<PAD>', '<PAD>', '<PAD>', '<PAD>']"
CP03487;CP03490,FFLPPCAHKGTC,FFLPPCAHKGTC,12,F F L P P C A H K G T C <EOS> <PAD> <PAD> <PAD> <PAD> <PAD> <PAD> <PAD> <PAD> <PAD> <PAD> <PAD> <PAD> <PAD> <PAD> <PAD> <PAD> <PAD> <PAD>,"['F', 'F', 'L', 'P', 'P', 'C', 'A', 'H', 'K', 'G', 'T', 'C', '<EOS>', '<PAD>', '<PAD>', '<PAD>', '<PAD>', '<PAD>', '<PAD>', '<PAD>', '<PAD>', '<PAD>', '<PAD>', '<PAD>', '<PAD>', '<PAD>', '<PAD>', '<PAD>', '<PAD>', '<PAD>', '<PAD>']"
CP03489,FFLPPCAYKGTC,FFLPPCAYKGTC,12,F F L P P C A Y K G T C <EOS> <PAD> <PAD> <PAD> <PAD> <PAD> <PAD> <PAD> <PAD> <PAD> <PAD> <PAD> <PAD> <PAD> <PAD> <PAD> <PAD> <PAD> <PAD>,"['F', 'F', 'L', 'P', 'P', 'C', 'A', 'Y', 'K', 'G', 'T', 'C', '<EOS>', '<PAD>', '<PAD>', '<PAD>', '<PAD>', '<PAD>', '<PAD>', '<PAD>', '<PAD>', '<PAD>', '<PAD>', '<PAD>', '<PAD>', '<PAD>', '<PAD>', '<PAD>', '<PAD>', '<PAD>', '<PAD>']"
CP05679,FFPCTESCGVLPCLTSLIGCRCVDKICVKD,FFPCTESCGVLPCLTSLIGCRCVDKICVKD,30,F F P C T E S C G V L P C L T S L I G C R C V D K I C V K D <EOS>,"['F', 'F', 'P', 'C', 'T', 'E', 'S', 'C', 'G', 'V', 'L', 'P', 'C', 'L', 'T', 'S', 'L', 'I', 'G', 'C', 'R', 'C', 'V', 'D', 'K', 'I', 'C', 'V', 'K', 'D', '<EOS>']"
CP03241,FFPIGVFCKIFKTC,FFPIGVFCKIFKTC,14,F F P I G V F C K I F K T C <EOS> <PAD> <PAD> <PAD> <PAD> <PAD> <PAD> <PAD> <PAD> <PAD> <PAD> <PAD> <PAD> <PAD> <PAD> <PAD> <PAD>,"['F', 'F', 'P', 'I', 'G', 'V', 'F', 'C', 'K', 'I', 'F', 'K', 'T', 'C', '<EOS>', '<PAD>', '<PAD>', '<PAD>', '<PAD>', '<PAD>', '<PAD>', '<PAD>', '<PAD>', '<PAD>', '<PAD>', '<PAD>', '<PAD>', '<PAD>', '<PAD>', '<PAD>', '<PAD>']"
CP03242,FFPLALLCKVFKKC,FFPLALLCKVFKKC,14,F F P L A L L C K V F K K C <EOS> <PAD> <PAD> <PAD> <PAD> <PAD> <PAD> <PAD> <PAD> <PAD> <PAD> <PAD> <PAD> <PAD> <PAD> <PAD> <PAD>,"['F', 'F', 'P', 'L', 'A', 'L', 'L', 'C', 'K', 'V', 'F', 'K', 'K', 'C', '<EOS>', '<PAD>', '<PAD>', '<PAD>', '<PAD>', '<PAD>', '<PAD>', '<PAD>', '<PAD>', '<PAD>', '<PAD>', '<PAD>', '<PAD>', '<PAD>', '<PAD>', '<PAD>', '<PAD>']"
CP03452,FFPMLAGVRVVPKVICLITKKC,FFPMLAGVRVVPKVICLITKKC,22,F F P M L A G V R V V P K V I C L I T K K C <EOS> <PAD> <PAD> <PAD> <PAD> <PAD> <PAD> <PAD> <PAD>,"['F', 'F', 'P', 'M', 'L', 'A', 'G', 'V', 'R', 'V', 'V', 'P', 'K', 'V', 'I', 'C', 'L', 'I', 'T', 'K', 'K', 'C', '<EOS>', '<PAD>', '<PAD>', '<PAD>', '<PAD>', '<PAD>', '<PAD>', '<PAD>', '<PAD>']"
CP03373,FFPTIAGLTKLFCAITKKC,FFPTIAGLTKLFCAITKKC,19,F F P T I A G L T K L F C A I T K K C <EOS> <PAD> <PAD> <PAD> <PAD> <PAD> <PAD> <PAD> <PAD> <PAD> <PAD> <PAD>,"['F', 'F', 'P', 'T', 'I', 'A', 'G', 'L', 'T', 'K', 'L', 'F', 'C', 'A', 'I', 'T', 'K', 'K', 'C', '<EOS>', '<PAD>', '<PAD>', '<PAD>', '<PAD>', '<PAD>', '<PAD>', '<PAD>', '<PAD>', '<PAD>', '<PAD>', '<PAD>']"
CP03677,FFVLKFLLKWAGKVGLEHLACKFKNWC,FFVLKFLLKWAGKVGLEHLACKFKNWC,27,F F V L K F L L K W A G K V G L E H L A C K F K N W C <EOS> <PAD> <PAD> <PAD>,"['F', 'F', 'V', 'L', 'K', 'F', 'L', 'L', 'K', 'W', 'A', 'G', 'K', 'V', 'G', 'L', 'E', 'H', 'L', 'A', 'C', 'K', 'F', 'K', 'N', 'W', 'C', '<EOS>', '<PAD>', '<PAD>', '<PAD>']"
CP03243,FGLPMLSILPKALCILLKRKC,FGLPMLSILPKALCILLKRKC,21,F G L P M L S I L P K A L C I L L K R K C <EOS> <PAD> <PAD> <PAD> <PAD> <PAD> <PAD> <PAD> <PAD> <PAD>,"['F', 'G', 'L', 'P', 'M', 'L', 'S', 'I', 'L', 'P', 'K', 'A', 'L', 'C', 'I', 'L', 'L', 'K', 'R', 'K', 'C', '<EOS>', '<PAD>', '<PAD>', '<PAD>', '<PAD>', '<PAD>', '<PAD>', '<PAD>', '<PAD>', '<PAD>']"
CP02509,FGTTIKYPSDWEQY,FGTTIKYPSDWEQY,14,F G T T I K Y P S D W E Q Y <EOS> <PAD> <PAD> <PAD> <PAD> <PAD> <PAD> <PAD> <PAD> <PAD> <PAD> <PAD> <PAD> <PAD> <PAD> <PAD> <PAD>,"['F', 'G', 'T', 'T', 'I', 'K', 'Y', 'P', 'S', 'D', 'W', 'E', 'Q', 'Y', '<EOS>', '<PAD>', '<PAD>', '<PAD>', '<PAD>', '<PAD>', '<PAD>', '<PAD>', '<PAD>', '<PAD>', '<PAD>', '<PAD>', '<PAD>', '<PAD>', '<PAD>', '<PAD>', '<PAD>']"
CP01050,FHLLREVLEAARAEQLAQQAHKNRKLAEII,FHLLREVLEAARAEQLAQQAHKNRKLAEII,30,F H L L R E V L E A A R A E Q L A Q Q A H K N R K L A E I I <EOS>,"['F', 'H', 'L', 'L', 'R', 'E', 'V', 'L', 'E', 'A', 'A', 'R', 'A', 'E', 'Q', 'L', 'A', 'Q', 'Q', 'A', 'H', 'K', 'N', 'R', 'K', 'L', 'A', 'E', 'I', 'I', '<EOS>']"
CP03478,FIGPVLKIGILPTAICKIFKKC,FIGPVLKIGILPTAICKIFKKC,22,F I G P V L K I G I L P T A I C K I F K K C <EOS> <PAD> <PAD> <PAD> <PAD> <PAD> <PAD> <PAD> <PAD>,"['F', 'I', 'G', 'P', 'V', 'L', 'K', 'I', 'G', 'I', 'L', 'P', 'T', 'A', 'I', 'C', 'K', 'I', 'F', 'K', 'K', 'C', '<EOS>', '<PAD>', '<PAD>', '<PAD>', '<PAD>', '<PAD>', '<PAD>', '<PAD>', '<PAD>']"
CP03516,FKCRRWQWRMKKLGAPSITCVRRAF,FKCRRWQWRMKKLGAPSITCVRRAF,25,F K C R R W Q W R M K K L G A P S I T C V R R A F <EOS> <PAD> <PAD> <PAD> <PAD> <PAD>,"['F', 'K', 'C', 'R', 'R', 'W', 'Q', 'W', 'R', 'M', 'K', 'K', 'L', 'G', 'A', 'P', 'S', 'I', 'T', 'C', 'V', 'R', 'R', 'A', 'F', '<EOS>', '<PAD>', '<PAD>', '<PAD>', '<PAD>', '<PAD>']"
CP06407,FLEGVISTIKDFAGKVCCSVSVNFCCPTA,FLEGVISTIKDFAGKVCCSVSVNFCCPTA,29,F L E G V I S T I K D F A G K V C C S V S V N F C C P T A <EOS> <PAD>,"['F', 'L', 'E', 'G', 'V', 'I', 'S', 'T', 'I', 'K', 'D', 'F', 'A', 'G', 'K', 'V', 'C', 'C', 'S', 'V', 'S', 'V', 'N', 'F', 'C', 'C', 'P', 'T', 'A', '<EOS>', '<PAD>']"
CP03374,FLGAIAGVKFLPKVFCFITKKC,FLGAIAGVKFLPKVFCFITKKC,22,F L G A I A G V K F L P K V F C F I T K K C <EOS> <PAD> <PAD> <PAD> <PAD> <PAD> <PAD> <PAD> <PAD>,"['F', 'L', 'G', 'A', 'I', 'A', 'G', 'V', 'K', 'F', 'L', 'P', 'K', 'V', 'F', 'C', 'F', 'I', 'T', 'K', 'K', 'C', '<EOS>', '<PAD>', '<PAD>', '<PAD>', '<PAD>', '<PAD>', '<PAD>', '<PAD>', '<PAD>']"
CP03927,FLGALFKVASKLVPICSISKKC,FLGALFKVASKLVPICSISKKC,22,F L G A L F K V A S K L V P I C S I S K K C <EOS> <PAD> <PAD> <PAD> <PAD> <PAD> <PAD> <PAD> <PAD>,"['F', 'L', 'G', 'A', 'L', 'F', 'K', 'V', 'A', 'S', 'K', 'L', 'V', 'P', 'I', 'C', 'S', 'I', 'S', 'K', 'K', 'C', '<EOS>', '<PAD>', '<PAD>', '<PAD>', '<PAD>', '<PAD>', '<PAD>', '<PAD>', '<PAD>']"
CP03485,FLGALFKVASKVLPSVFCAITKKC,FLGALFKVASKVLPSVFCAITKKC,24,F L G A L F K V A S K V L P S V F C A I T K K C <EOS> <PAD> <PAD> <PAD> <PAD> <PAD> <PAD>,"['F', 'L', 'G', 'A', 'L', 'F', 'K', 'V', 'A', 'S', 'K', 'V', 'L', 'P', 'S', 'V', 'F', 'C', 'A', 'I', 'T', 'K', 'K', 'C', '<EOS>', '<PAD>', '<PAD>', '<PAD>', '<PAD>', '<PAD>', '<PAD>']"
CP03259,FLGGLFKLVPSVICAVTKKC,FLGGLFKLVPSVICAVTKKC,20,F L G G L F K L V P S V I C A V T K K C <EOS> <PAD> <PAD> <PAD> <PAD> <PAD> <PAD> <PAD> <PAD> <PAD> <PAD>,"['F', 'L', 'G', 'G', 'L', 'F', 'K', 'L', 'V', 'P', 'S', 'V', 'I', 'C', 'A', 'V', 'T', 'K', 'K', 'C', '<EOS>', '<PAD>', '<PAD>', '<PAD>', '<PAD>', '<PAD>', '<PAD>', '<PAD>', '<PAD>', '<PAD>', '<PAD>']"
CP03257,FLGGLIKIVPAMICAVTKKC,FLGGLIKIVPAMICAVTKKC,20,F L G G L I K I V P A M I C A V T K K C <EOS> <PAD> <PAD> <PAD> <PAD> <PAD> <PAD> <PAD> <PAD> <PAD> <PAD>,"['F', 'L', 'G', 'G', 'L', 'I', 'K', 'I', 'V', 'P', 'A', 'M', 'I', 'C', 'A', 'V', 'T', 'K', 'K', 'C', '<EOS>', '<PAD>', '<PAD>', '<PAD>', '<PAD>', '<PAD>', '<PAD>', '<PAD>', '<PAD>', '<PAD>', '<PAD>']"
CP03258,FLGGLMKAFPAIICAVTKKC,FLGGLMKAFPAIICAVTKKC,20,F L G G L M K A F P A I I C A V T K K C <EOS> <PAD> <PAD> <PAD> <PAD> <PAD> <PAD> <PAD> <PAD> <PAD> <PAD>,"['F', 'L', 'G', 'G', 'L', 'M', 'K', 'A', 'F', 'P', 'A', 'I', 'I', 'C', 'A', 'V', 'T', 'K', 'K', 'C', '<EOS>', '<PAD>', '<PAD>', '<PAD>', '<PAD>', '<PAD>', '<PAD>', '<PAD>', '<PAD>', '<PAD>', '<PAD>']"
CP03260,FLGGLMKIIPFCAVTKKC,FLGGLMKIIPFCAVTKKC,18,F L G G L M K I I P F C A V T K K C <EOS> <PAD> <PAD> <PAD> <PAD> <PAD> <PAD> <PAD> <PAD> <PAD> <PAD> <PAD> <PAD>,"['F', 'L', 'G', 'G', 'L', 'M', 'K', 'I', 'I', 'P', 'F', 'C', 'A', 'V', 'T', 'K', 'K', 'C', '<EOS>', '<PAD>', '<PAD>', '<PAD>', '<PAD>', '<PAD>', '<PAD>', '<PAD>', '<PAD>', '<PAD>', '<PAD>', '<PAD>', '<PAD>']"
CP08659,FLGLIGPITSIAGKLCCTVSVSFCCNE,FLGLIGPITSIAGKLCCTVSVSFCCNE,27,F L G L I G P I T S I A G K L C C T V S V S F C C N E <EOS> <PAD> <PAD> <PAD>,"['F', 'L', 'G', 'L', 'I', 'G', 'P', 'I', 'T', 'S', 'I', 'A', 'G', 'K', 'L', 'C', 'C', 'T', 'V', 'S', 'V', 'S', 'F', 'C', 'C', 'N', 'E', '<EOS>', '<PAD>', '<PAD>', '<PAD>']"
CP03480,FLGPIIKIATGILPTAICKFLKKC,FLGPIIKIATGILPTAICKFLKKC,24,F L G P I I K I A T G I L P T A I C K F L K K C <EOS> <PAD> <PAD> <PAD> <PAD> <PAD> <PAD>,"['F', 'L', 'G', 'P', 'I', 'I', 'K', 'I', 'A', 'T', 'G', 'I', 'L', 'P', 'T', 'A', 'I', 'C', 'K', 'F', 'L', 'K', 'K', 'C', '<EOS>', '<PAD>', '<PAD>', '<PAD>', '<PAD>', '<PAD>', '<PAD>']"
CP03244,FLIGMTHGLICLISRKC,FLIGMTHGLICLISRKC,17,F L I G M T H G L I C L I S R K C <EOS> <PAD> <PAD> <PAD> <PAD> <PAD> <PAD> <PAD> <PAD> <PAD> <PAD> <PAD> <PAD> <PAD>,"['F', 'L', 'I', 'G', 'M', 'T', 'H', 'G', 'L', 'I', 'C', 'L', 'I', 'S', 'R', 'K', 'C', '<EOS>', '<PAD>', '<PAD>', '<PAD>', '<PAD>', '<PAD>', '<PAD>', '<PAD>', '<PAD>', '<PAD>', '<PAD>', '<PAD>', '<PAD>', '<PAD>']"
CP03245,FLIGMTQGLICLITRKC,FLIGMTQGLICLITRKC,17,F L I G M T Q G L I C L I T R K C <EOS> <PAD> <PAD> <PAD> <PAD> <PAD> <PAD> <PAD> <PAD> <PAD> <PAD> <PAD> <PAD> <PAD>,"['F', 'L', 'I', 'G', 'M', 'T', 'Q', 'G', 'L', 'I', 'C', 'L', 'I', 'T', 'R', 'K', 'C', '<EOS>', '<PAD>', '<PAD>', '<PAD>', '<PAD>', '<PAD>', '<PAD>', '<PAD>', '<PAD>', '<PAD>', '<PAD>', '<PAD>', '<PAD>', '<PAD>']"
CP03676,FLKGCWTKWYSLKPKCPF,FLKGCWTKWYSLKPKCPF,18,F L K G C W T K W Y S L K P K C P F <EOS> <PAD> <PAD> <PAD> <PAD> <PAD> <PAD> <PAD> <PAD> <PAD> <PAD> <PAD> <PAD>,"['F', 'L', 'K', 'G', 'C', 'W', 'T', 'K', 'W', 'Y', 'S', 'L', 'K', 'P', 'K', 'C', 'P', 'F', '<EOS>', '<PAD>', '<PAD>', '<PAD>', '<PAD>', '<PAD>', '<PAD>', '<PAD>', '<PAD>', '<PAD>', '<PAD>', '<PAD>', '<PAD>']"
CP03412,FLPAVIRVNVLPTAFCAISKKC,FLPAVIRVNVLPTAFCAISKKC,22,F L P A V I R V N V L P T A F C A I S K K C <EOS> <PAD> <PAD> <PAD> <PAD> <PAD> <PAD> <PAD> <PAD>,"['F', 'L', 'P', 'A', 'V', 'I', 'R', 'V', 'N', 'V', 'L', 'P', 'T', 'A', 'F', 'C', 'A', 'I', 'S', 'K', 'K', 'C', '<EOS>', '<PAD>', '<PAD>', '<PAD>', '<PAD>', '<PAD>', '<PAD>', '<PAD>', '<PAD>']"
CP03421,FLPAVLLVATHVLPTVFCAITRKC,FLPAVLLVATHVLPTVFCAITRKC,24,F L P A V L L V A T H V L P T V F C A I T R K C <EOS> <PAD> <PAD> <PAD> <PAD> <PAD> <PAD>,"['F', 'L', 'P', 'A', 'V', 'L', 'L', 'V', 'A', 'T', 'H', 'V', 'L', 'P', 'T', 'V', 'F', 'C', 'A', 'I', 'T', 'R', 'K', 'C', '<EOS>', '<PAD>', '<PAD>', '<PAD>', '<PAD>', '<PAD>', '<PAD>']"
CP03387,FLPAVLRVKIVPTVFCAISKKC,FLPAVLRVKIVPTVFCAISKKC,22,F L P A V L R V K I V P T V F C A I S K K C <EOS> <PAD> <PAD> <PAD> <PAD> <PAD> <PAD> <PAD> <PAD>,"['F', 'L', 'P', 'A', 'V', 'L', 'R', 'V', 'K', 'I', 'V', 'P', 'T', 'V', 'F', 'C', 'A', 'I', 'S', 'K', 'K', 'C', '<EOS>', '<PAD>', '<PAD>', '<PAD>', '<PAD>', '<PAD>', '<PAD>', '<PAD>', '<PAD>']"
CP03454,FLPFIAGMKFLPKIFCAISKKC,FLPFIAGMKFLPKIFCAISKKC,22,F L P F I A G M K F L P K I F C A I S K K C <EOS> <PAD> <PAD> <PAD> <PAD> <PAD> <PAD> <PAD> <PAD>,"['F', 'L', 'P', 'F', 'I', 'A', 'G', 'M', 'K', 'F', 'L', 'P', 'K', 'I', 'F', 'C', 'A', 'I', 'S', 'K', 'K', 'C', '<EOS>', '<PAD>', '<PAD>', '<PAD>', '<PAD>', '<PAD>', '<PAD>', '<PAD>', '<PAD>']"
CP03461,FLPFIARLKVFPSIICSVTKKC,FLPFIARLKVFPSIICSVTKKC,22,F L P F I A R L K V F P S I I C S V T K K C <EOS> <PAD> <PAD> <PAD> <PAD> <PAD> <PAD> <PAD> <PAD>,"['F', 'L', 'P', 'F', 'I', 'A', 'R', 'L', 'K', 'V', 'F', 'P', 'S', 'I', 'I', 'C', 'S', 'V', 'T', 'K', 'K', 'C', '<EOS>', '<PAD>', '<PAD>', '<PAD>', '<PAD>', '<PAD>', '<PAD>', '<PAD>', '<PAD>']"
CP03447,FLPIIAGIKVFPKIFCAISKKC,FLPIIAGIKVFPKIFCAISKKC,22,F L P I I A G I K V F P K I F C A I S K K C <EOS> <PAD> <PAD> <PAD> <PAD> <PAD> <PAD> <PAD> <PAD>,"['F', 'L', 'P', 'I', 'I', 'A', 'G', 'I', 'K', 'V', 'F', 'P', 'K', 'I', 'F', 'C', 'A', 'I', 'S', 'K', 'K', 'C', '<EOS>', '<PAD>', '<PAD>', '<PAD>', '<PAD>', '<PAD>', '<PAD>', '<PAD>', '<PAD>']"
CP03385,FLPIIAGVKVLPKLFCAITKKC,FLPIIAGVKVLPKLFCAITKKC,22,F L P I I A G V K V L P K L F C A I T K K C <EOS> <PAD> <PAD> <PAD> <PAD> <PAD> <PAD> <PAD> <PAD>,"['F', 'L', 'P', 'I', 'I', 'A', 'G', 'V', 'K', 'V', 'L', 'P', 'K', 'L', 'F', 'C', 'A', 'I', 'T', 'K', 'K', 'C', '<EOS>', '<PAD>', '<PAD>', '<PAD>', '<PAD>', '<PAD>', '<PAD>', '<PAD>', '<PAD>']"
CP03384,FLPILAGLKIVPKLFCLATKKC,FLPILAGLKIVPKLFCLATKKC,22,F L P I L A G L K I V P K L F C L A T K K C <EOS> <PAD> <PAD> <PAD> <PAD> <PAD> <PAD> <PAD> <PAD>,"['F', 'L', 'P', 'I', 'L', 'A', 'G', 'L', 'K', 'I', 'V', 'P', 'K', 'L', 'F', 'C', 'L', 'A', 'T', 'K', 'K', 'C', '<EOS>', '<PAD>', '<PAD>', '<PAD>', '<PAD>', '<PAD>', '<PAD>', '<PAD>', '<PAD>']"
CP03407,FLPILAGLKLVPKVFCSITKKC,FLPILAGLKLVPKVFCSITKKC,22,F L P I L A G L K L V P K V F C S I T K K C <EOS> <PAD> <PAD> <PAD> <PAD> <PAD> <PAD> <PAD> <PAD>,"['F', 'L', 'P', 'I', 'L', 'A', 'G', 'L', 'K', 'L', 'V', 'P', 'K', 'V', 'F', 'C', 'S', 'I', 'T', 'K', 'K', 'C', '<EOS>', '<PAD>', '<PAD>', '<PAD>', '<PAD>', '<PAD>', '<PAD>', '<PAD>', '<PAD>']"
CP03408,FLPILAGLNILPKVFCSITKKC,FLPILAGLNILPKVFCSITKKC,22,F L P I L A G L N I L P K V F C S I T K K C <EOS> <PAD> <PAD> <PAD> <PAD> <PAD> <PAD> <PAD> <PAD>,"['F', 'L', 'P', 'I', 'L', 'A', 'G', 'L', 'N', 'I', 'L', 'P', 'K', 'V', 'F', 'C', 'S', 'I', 'T', 'K', 'K', 'C', '<EOS>', '<PAD>', '<PAD>', '<PAD>', '<PAD>', '<PAD>', '<PAD>', '<PAD>', '<PAD>']"
CP03364,FLPIVGKLLSGLL,FLPIVGKLLSGLL,13,F L P I V G K L L S G L L <EOS> <PAD> <PAD> <PAD> <PAD> <PAD> <PAD> <PAD> <PAD> <PAD> <PAD> <PAD> <PAD> <PAD> <PAD> <PAD> <PAD> <PAD>,"['F', 'L', 'P', 'I', 'V', 'G', 'K', 'L', 'L', 'S', 'G', 'L', 'L', '<EOS>', '<PAD>', '<PAD>', '<PAD>', '<PAD>', '<PAD>', '<PAD>', '<PAD>', '<PAD>', '<PAD>', '<PAD>', '<PAD>', '<PAD>', '<PAD>', '<PAD>', '<PAD>', '<PAD>', '<PAD>']"
CP03251,FLPLAVSLNFLPKLFCKITKKC,FLPLAVSLNFLPKLFCKITKKC,22,F L P L A V S L N F L P K L F C K I T K K C <EOS> <PAD> <PAD> <PAD> <PAD> <PAD> <PAD> <PAD> <PAD>,"['F', 'L', 'P', 'L', 'A', 'V', 'S', 'L', 'N', 'F', 'L', 'P', 'K', 'L', 'F', 'C', 'K', 'I', 'T', 'K', 'K', 'C', '<EOS>', '<PAD>', '<PAD>', '<PAD>', '<PAD>', '<PAD>', '<PAD>', '<PAD>', '<PAD>']"
CP03642,FLPLFLPKIICVITKKC,FLPLFLPKIICVITKKC,17,F L P L F L P K I I C V I T K K C <EOS> <PAD> <PAD> <PAD> <PAD> <PAD> <PAD> <PAD> <PAD> <PAD> <PAD> <PAD> <PAD> <PAD>,"['F', 'L', 'P', 'L', 'F', 'L', 'P', 'K', 'I', 'I', 'C', 'V', 'I', 'T', 'K', 'K', 'C', '<EOS>', '<PAD>', '<PAD>', '<PAD>', '<PAD>', '<PAD>', '<PAD>', '<PAD>', '<PAD>', '<PAD>', '<PAD>', '<PAD>', '<PAD>', '<PAD>']"
CP03376,FLPLIAGVNFLPKIFCLISKKC,FLPLIAGVNFLPKIFCLISKKC,22,F L P L I A G V N F L P K I F C L I S K K C <EOS> <PAD> <PAD> <PAD> <PAD> <PAD> <PAD> <PAD> <PAD>,"['F', 'L', 'P', 'L', 'I', 'A', 'G', 'V', 'N', 'F', 'L', 'P', 'K', 'I', 'F', 'C', 'L', 'I', 'S', 'K', 'K', 'C', '<EOS>', '<PAD>', '<PAD>', '<PAD>', '<PAD>', '<PAD>', '<PAD>', '<PAD>', '<PAD>']"
CP03377,FLPLIAGVSILPKIFCFITKKC,FLPLIAGVSILPKIFCFITKKC,22,F L P L I A G V S I L P K I F C F I T K K C <EOS> <PAD> <PAD> <PAD> <PAD> <PAD> <PAD> <PAD> <PAD>,"['F', 'L', 'P', 'L', 'I', 'A', 'G', 'V', 'S', 'I', 'L', 'P', 'K', 'I', 'F', 'C', 'F', 'I', 'T', 'K', 'K', 'C', '<EOS>', '<PAD>', '<PAD>', '<PAD>', '<PAD>', '<PAD>', '<PAD>', '<PAD>', '<PAD>']"
CP03397,FLPLIASLNFVPKIFCKITKKC,FLPLIASLNFVPKIFCKITKKC,22,F L P L I A S L N F V P K I F C K I T K K C <EOS> <PAD> <PAD> <PAD> <PAD> <PAD> <PAD> <PAD> <PAD>,"['F', 'L', 'P', 'L', 'I', 'A', 'S', 'L', 'N', 'F', 'V', 'P', 'K', 'I', 'F', 'C', 'K', 'I', 'T', 'K', 'K', 'C', '<EOS>', '<PAD>', '<PAD>', '<PAD>', '<PAD>', '<PAD>', '<PAD>', '<PAD>', '<PAD>']"
CP03381,FLPLLAGLNFLPKIFCKITKKC,FLPLLAGLNFLPKIFCKITKKC,22,F L P L L A G L N F L P K I F C K I T K K C <EOS> <PAD> <PAD> <PAD> <PAD> <PAD> <PAD> <PAD> <PAD>,"['F', 'L', 'P', 'L', 'L', 'A', 'G', 'L', 'N', 'F', 'L', 'P', 'K', 'I', 'F', 'C', 'K', 'I', 'T', 'K', 'K', 'C', '<EOS>', '<PAD>', '<PAD>', '<PAD>', '<PAD>', '<PAD>', '<PAD>', '<PAD>', '<PAD>']"
CP03486,FLPLLAGLNFLPTIICKISYKC,FLPLLAGLNFLPTIICKISYKC,22,F L P L L A G L N F L P T I I C K I S Y K C <EOS> <PAD> <PAD> <PAD> <PAD> <PAD> <PAD> <PAD> <PAD>,"['F', 'L', 'P', 'L', 'L', 'A', 'G', 'L', 'N', 'F', 'L', 'P', 'T', 'I', 'I', 'C', 'K', 'I', 'S', 'Y', 'K', 'C', '<EOS>', '<PAD>', '<PAD>', '<PAD>', '<PAD>', '<PAD>', '<PAD>', '<PAD>', '<PAD>']"
CP03249,FLPLLLAGLPLKLCFLFKKC,FLPLLLAGLPLKLCFLFKKC,20,F L P L L L A G L P L K L C F L F K K C <EOS> <PAD> <PAD> <PAD> <PAD> <PAD> <PAD> <PAD> <PAD> <PAD> <PAD>,"['F', 'L', 'P', 'L', 'L', 'L', 'A', 'G', 'L', 'P', 'L', 'K', 'L', 'C', 'F', 'L', 'F', 'K', 'K', 'C', '<EOS>', '<PAD>', '<PAD>', '<PAD>', '<PAD>', '<PAD>', '<PAD>', '<PAD>', '<PAD>', '<PAD>', '<PAD>']"
CP03453,FLPMLAGLSMVPKFVCLITKKC,FLPMLAGLSMVPKFVCLITKKC,22,F L P M L A G L S M V P K F V C L I T K K C <EOS> <PAD> <PAD> <PAD> <PAD> <PAD> <PAD> <PAD> <PAD>,"['F', 'L', 'P', 'M', 'L', 'A', 'G', 'L', 'S', 'M', 'V', 'P', 'K', 'F', 'V', 'C', 'L', 'I', 'T', 'K', 'K', 'C', '<EOS>', '<PAD>', '<PAD>', '<PAD>', '<PAD>', '<PAD>', '<PAD>', '<PAD>', '<PAD>']"
CP03375,FLPVIASVKVLPKVFCFITKKC,FLPVIASVKVLPKVFCFITKKC,22,F L P V I A S V K V L P K V F C F I T K K C <EOS> <PAD> <PAD> <PAD> <PAD> <PAD> <PAD> <PAD> <PAD>,"['F', 'L', 'P', 'V', 'I', 'A', 'S', 'V', 'K', 'V', 'L', 'P', 'K', 'V', 'F', 'C', 'F', 'I', 'T', 'K', 'K', 'C', '<EOS>', '<PAD>', '<PAD>', '<PAD>', '<PAD>', '<PAD>', '<PAD>', '<PAD>', '<PAD>']"
CP03399,FLPVLAGIKVVPALFCKITKKC,FLPVLAGIKVVPALFCKITKKC,22,F L P V L A G I K V V P A L F C K I T K K C <EOS> <PAD> <PAD> <PAD> <PAD> <PAD> <PAD> <PAD> <PAD>,"['F', 'L', 'P', 'V', 'L', 'A', 'G', 'I', 'K', 'V', 'V', 'P', 'A', 'L', 'F', 'C', 'K', 'I', 'T', 'K', 'K', 'C', '<EOS>', '<PAD>', '<PAD>', '<PAD>', '<PAD>', '<PAD>', '<PAD>', '<PAD>', '<PAD>']"
CP03451,FLPVLAGLTPSIVPKLVCLLTKKC,FLPVLAGLTPSIVPKLVCLLTKKC,24,F L P V L A G L T P S I V P K L V C L L T K K C <EOS> <PAD> <PAD> <PAD> <PAD> <PAD> <PAD>,"['F', 'L', 'P', 'V', 'L', 'A', 'G', 'L', 'T', 'P', 'S', 'I', 'V', 'P', 'K', 'L', 'V', 'C', 'L', 'L', 'T', 'K', 'K', 'C', '<EOS>', '<PAD>', '<PAD>', '<PAD>', '<PAD>', '<PAD>', '<PAD>']"
CP03518,FLSTLLKVAFKVVPTLFCPITKKC,FLSTLLKVAFKVVPTLFCPITKKC,24,F L S T L L K V A F K V V P T L F C P I T K K C <EOS> <PAD> <PAD> <PAD> <PAD> <PAD> <PAD>,"['F', 'L', 'S', 'T', 'L', 'L', 'K', 'V', 'A', 'F', 'K', 'V', 'V', 'P', 'T', 'L', 'F', 'C', 'P', 'I', 'T', 'K', 'K', 'C', '<EOS>', '<PAD>', '<PAD>', '<PAD>', '<PAD>', '<PAD>', '<PAD>']"
CP03389,FMGGLIKTKIVPYCAITKKC,FMGGLIKTKIVPYCAITKKC,20,F M G G L I K T K I V P Y C A I T K K C <EOS> <PAD> <PAD> <PAD> <PAD> <PAD> <PAD> <PAD> <PAD> <PAD> <PAD>,"['F', 'M', 'G', 'G', 'L', 'I', 'K', 'T', 'K', 'I', 'V', 'P', 'Y', 'C', 'A', 'I', 'T', 'K', 'K', 'C', '<EOS>', '<PAD>', '<PAD>', '<PAD>', '<PAD>', '<PAD>', '<PAD>', '<PAD>', '<PAD>', '<PAD>', '<PAD>']"
CP03267,FMPILSCSRFKRC,FMPILSCSRFKRC,13,F M P I L S C S R F K R C <EOS> <PAD> <PAD> <PAD> <PAD> <PAD> <PAD> <PAD> <PAD> <PAD> <PAD> <PAD> <PAD> <PAD> <PAD> <PAD> <PAD> <PAD>,"['F', 'M', 'P', 'I', 'L', 'S', 'C', 'S', 'R', 'F', 'K', 'R', 'C', '<EOS>', '<PAD>', '<PAD>', '<PAD>', '<PAD>', '<PAD>', '<PAD>', '<PAD>', '<PAD>', '<PAD>', '<PAD>', '<PAD>', '<PAD>', '<PAD>', '<PAD>', '<PAD>', '<PAD>', '<PAD>']"
CP01985,FPLFPPVGPIIG,FPLFPPVGPIIG,12,F P L F P P V G P I I G <EOS> <PAD> <PAD> <PAD> <PAD> <PAD> <PAD> <PAD> <PAD> <PAD> <PAD> <PAD> <PAD> <PAD> <PAD> <PAD> <PAD> <PAD> <PAD>,"['F', 'P', 'L', 'F', 'P', 'P', 'V', 'G', 'P', 'I', 'I', 'G', '<EOS>', '<PAD>', '<PAD>', '<PAD>', '<PAD>', '<PAD>', '<PAD>', '<PAD>', '<PAD>', '<PAD>', '<PAD>', '<PAD>', '<PAD>', '<PAD>', '<PAD>', '<PAD>', '<PAD>', '<PAD>', '<PAD>']"
CP03488,FPLPCAYKGTYC,FPLPCAYKGTYC,12,F P L P C A Y K G T Y C <EOS> <PAD> <PAD> <PAD> <PAD> <PAD> <PAD> <PAD> <PAD> <PAD> <PAD> <PAD> <PAD> <PAD> <PAD> <PAD> <PAD> <PAD> <PAD>,"['F', 'P', 'L', 'P', 'C', 'A', 'Y', 'K', 'G', 'T', 'Y', 'C', '<EOS>', '<PAD>', '<PAD>', '<PAD>', '<PAD>', '<PAD>', '<PAD>', '<PAD>', '<PAD>', '<PAD>', '<PAD>', '<PAD>', '<PAD>', '<PAD>', '<PAD>', '<PAD>', '<PAD>', '<PAD>', '<PAD>']"
CP03491,FPLPSCVYTRTC,FPLPSCVYTRTC,12,F P L P S C V Y T R T C <EOS> <PAD> <PAD> <PAD> <PAD> <PAD> <PAD> <PAD> <PAD> <PAD> <PAD> <PAD> <PAD> <PAD> <PAD> <PAD> <PAD> <PAD> <PAD>,"['F', 'P', 'L', 'P', 'S', 'C', 'V', 'Y', 'T', 'R', 'T', 'C', '<EOS>', '<PAD>', '<PAD>', '<PAD>', '<PAD>', '<PAD>', '<PAD>', '<PAD>', '<PAD>', '<PAD>', '<PAD>', '<PAD>', '<PAD>', '<PAD>', '<PAD>', '<PAD>', '<PAD>', '<PAD>', '<PAD>']"
CP07200,FPRPRICNLACRAGIGYKYPFCHCR,FPRPRICNLACRAGIGYKYPFCHCR,25,F P R P R I C N L A C R A G I G Y K Y P F C H C R <EOS> <PAD> <PAD> <PAD> <PAD> <PAD>,"['F', 'P', 'R', 'P', 'R', 'I', 'C', 'N', 'L', 'A', 'C', 'R', 'A', 'G', 'I', 'G', 'Y', 'K', 'Y', 'P', 'F', 'C', 'H', 'C', 'R', '<EOS>', '<PAD>', '<PAD>', '<PAD>', '<PAD>', '<PAD>']"
CP04896,FQAKDAENASAPV,FQAKDAENASAPV,13,F Q A K D A E N A S A P V <EOS> <PAD> <PAD> <PAD> <PAD> <PAD> <PAD> <PAD> <PAD> <PAD> <PAD> <PAD> <PAD> <PAD> <PAD> <PAD> <PAD> <PAD>,"['F', 'Q', 'A', 'K', 'D', 'A', 'E', 'N', 'A', 'S', 'A', 'P', 'V', '<EOS>', '<PAD>', '<PAD>', '<PAD>', '<PAD>', '<PAD>', '<PAD>', '<PAD>', '<PAD>', '<PAD>', '<PAD>', '<PAD>', '<PAD>', '<PAD>', '<PAD>', '<PAD>', '<PAD>', '<PAD>']"
CP04898,FQAKDVENASAPV,FQAKDVENASAPV,13,F Q A K D V E N A S A P V <EOS> <PAD> <PAD> <PAD> <PAD> <PAD> <PAD> <PAD> <PAD> <PAD> <PAD> <PAD> <PAD> <PAD> <PAD> <PAD> <PAD> <PAD>,"['F', 'Q', 'A', 'K', 'D', 'V', 'E', 'N', 'A', 'S', 'A', 'P', 'V', '<EOS>', '<PAD>', '<PAD>', '<PAD>', '<PAD>', '<PAD>', '<PAD>', '<PAD>', '<PAD>', '<PAD>', '<PAD>', '<PAD>', '<PAD>', '<PAD>', '<PAD>', '<PAD>', '<PAD>', '<PAD>']"
CP04897,FQPKDSENASAPV,FQPKDSENASAPV,13,F Q P K D S E N A S A P V <EOS> <PAD> <PAD> <PAD> <PAD> <PAD> <PAD> <PAD> <PAD> <PAD> <PAD> <PAD> <PAD> <PAD> <PAD> <PAD> <PAD> <PAD>,"['F', 'Q', 'P', 'K', 'D', 'S', 'E', 'N', 'A', 'S', 'A', 'P', 'V', '<EOS>', '<PAD>', '<PAD>', '<PAD>', '<PAD>', '<PAD>', '<PAD>', '<PAD>', '<PAD>', '<PAD>', '<PAD>', '<PAD>', '<PAD>', '<PAD>', '<PAD>', '<PAD>', '<PAD>', '<PAD>']"
CP03250,FRGCWTKNYSPKPCL,FRGCWTKNYSPKPCL,15,F R G C W T K N Y S P K P C L <EOS> <PAD> <PAD> <PAD> <PAD> <PAD> <PAD> <PAD> <PAD> <PAD> <PAD> <PAD> <PAD> <PAD> <PAD> <PAD>,"['F', 'R', 'G', 'C', 'W', 'T', 'K', 'N', 'Y', 'S', 'P', 'K', 'P', 'C', 'L', '<EOS>', '<PAD>', '<PAD>', '<PAD>', '<PAD>', '<PAD>', '<PAD>', '<PAD>', '<PAD>', '<PAD>', '<PAD>', '<PAD>', '<PAD>', '<PAD>', '<PAD>', '<PAD>']"
CP05010,GACTKSIPPICFPD,GACTKSIPPICFPD,14,G A C T K S I P P I C F P D <EOS> <PAD> <PAD> <PAD> <PAD> <PAD> <PAD> <PAD> <PAD> <PAD> <PAD> <PAD> <PAD> <PAD> <PAD> <PAD> <PAD>,"['G', 'A', 'C', 'T', 'K', 'S', 'I', 'P', 'P', 'I', 'C', 'F', 'P', 'D', '<EOS>', '<PAD>', '<PAD>', '<PAD>', '<PAD>', '<PAD>', '<PAD>', '<PAD>', '<PAD>', '<PAD>', '<PAD>', '<PAD>', '<PAD>', '<PAD>', '<PAD>', '<PAD>', '<PAD>']"
CP04960,GAFCGETCVLGTCYTPGCSCAPVICLNN,GAFCGETCVLGTCYTPGCSCAPVICLNN,28,G A F C G E T C V L G T C Y T P G C S C A P V I C L N N <EOS> <PAD> <PAD>,"['G', 'A', 'F', 'C', 'G', 'E', 'T', 'C', 'V', 'L', 'G', 'T', 'C', 'Y', 'T', 'P', 'G', 'C', 'S', 'C', 'A', 'P', 'V', 'I', 'C', 'L', 'N', 'N', '<EOS>', '<PAD>', '<PAD>']"
CP03370,GAFGDLLKGVAKEAGMKLLNMAQCKLSGKC,GAFGDLLKGVAKEAGMKLLNMAQCKLSGKC,30,G A F G D L L K G V A K E A G M K L L N M A Q C K L S G K C <EOS>,"['G', 'A', 'F', 'G', 'D', 'L', 'L', 'K', 'G', 'V', 'A', 'K', 'E', 'A', 'G', 'M', 'K', 'L', 'L', 'N', 'M', 'A', 'Q', 'C', 'K', 'L', 'S', 'G', 'K', 'C', '<EOS>']"
CP03410,GAFGNFLKGVAKKAGLKILSIAQCKLFGTC,GAFGNFLKGVAKKAGLKILSIAQCKLFGTC,30,G A F G N F L K G V A K K A G L K I L S I A Q C K L F G T C <EOS>,"['G', 'A', 'F', 'G', 'N', 'F', 'L', 'K', 'G', 'V', 'A', 'K', 'K', 'A', 'G', 'L', 'K', 'I', 'L', 'S', 'I', 'A', 'Q', 'C', 'K', 'L', 'F', 'G', 'T', 'C', '<EOS>']"
CP04911,GAGCIETCYTFPCISEMINCSCKNSRCQKN,GAGCIETCYTFPCISEMINCSCKNSRCQKN,30,G A G C I E T C Y T F P C I S E M I N C S C K N S R C Q K N <EOS>,"['G', 'A', 'G', 'C', 'I', 'E', 'T', 'C', 'Y', 'T', 'F', 'P', 'C', 'I', 'S', 'E', 'M', 'I', 'N', 'C', 'S', 'C', 'K', 'N', 'S', 'R', 'C', 'Q', 'K', 'N', '<EOS>']"
CP08730,GAGGAAGGCCSHPVCAAMSPIC,GAGGAAGGCCSHPVCAAMSPIC,22,G A G G A A G G C C S H P V C A A M S P I C <EOS> <PAD> <PAD> <PAD> <PAD> <PAD> <PAD> <PAD> <PAD>,"['G', 'A', 'G', 'G', 'A', 'A', 'G', 'G', 'C', 'C', 'S', 'H', 'P', 'V', 'C', 'A', 'A', 'M', 'S', 'P', 'I', 'C', '<EOS>', '<PAD>', '<PAD>', '<PAD>', '<PAD>', '<PAD>', '<PAD>', '<PAD>', '<PAD>']"
CP05278,GAICTGTCFRNPCLSRRCTCRHYICYLN,GAICTGTCFRNPCLSRRCTCRHYICYLN,28,G A I C T G T C F R N P C L S R R C T C R H Y I C Y L N <EOS> <PAD> <PAD>,"['G', 'A', 'I', 'C', 'T', 'G', 'T', 'C', 'F', 'R', 'N', 'P', 'C', 'L', 'S', 'R', 'R', 'C', 'T', 'C', 'R', 'H', 'Y', 'I', 'C', 'Y', 'L', 'N', '<EOS>', '<PAD>', '<PAD>']"
CP03391,GAIKDALKGKTVAVELLKKAQCKLEKTC,GAIKDALKGKTVAVELLKKAQCKLEKTC,28,G A I K D A L K G K T V A V E L L K K A Q C K L E K T C <EOS> <PAD> <PAD>,"['G', 'A', 'I', 'K', 'D', 'A', 'L', 'K', 'G', 'K', 'T', 'V', 'A', 'V', 'E', 'L', 'L', 'K', 'K', 'A', 'Q', 'C', 'K', 'L', 'E', 'K', 'T', 'C', '<EOS>', '<PAD>', '<PAD>']"
CP04954,GALCDERCTYVPCISRGCSCNIHRVCSMN,GALCDERCTYVPCISRGCSCNIHRVCSMN,29,G A L C D E R C T Y V P C I S R G C S C N I H R V C S M N <EOS> <PAD>,"['G', 'A', 'L', 'C', 'D', 'E', 'R', 'C', 'T', 'Y', 'V', 'P', 'C', 'I', 'S', 'R', 'G', 'C', 'S', 'C', 'N', 'I', 'H', 'R', 'V', 'C', 'S', 'M', 'N', '<EOS>', '<PAD>']"
CP03469,GALRGCWTKSYPPKPCK,GALRGCWTKSYPPKPCK,17,G A L R G C W T K S Y P P K P C K <EOS> <PAD> <PAD> <PAD> <PAD> <PAD> <PAD> <PAD> <PAD> <PAD> <PAD> <PAD> <PAD> <PAD>,"['G', 'A', 'L', 'R', 'G', 'C', 'W', 'T', 'K', 'S', 'Y', 'P', 'P', 'K', 'P', 'C', 'K', '<EOS>', '<PAD>', '<PAD>', '<PAD>', '<PAD>', '<PAD>', '<PAD>', '<PAD>', '<PAD>', '<PAD>', '<PAD>', '<PAD>', '<PAD>', '<PAD>']"
CP03041;CP04846,GAPICGESCFTGKCYTVQCSCSWPVCTRN,GAPICGESCFTGKCYTVQCSCSWPVCTRN,29,G A P I C G E S C F T G K C Y T V Q C S C S W P V C T R N <EOS> <PAD>,"['G', 'A', 'P', 'I', 'C', 'G', 'E', 'S', 'C', 'F', 'T', 'G', 'K', 'C', 'Y', 'T', 'V', 'Q', 'C', 'S', 'C', 'S', 'W', 'P', 'V', 'C', 'T', 'R', 'N', '<EOS>', '<PAD>']"
CP05153,GAPVCGETCFGGTCNTPGCTCDPWPVCTND,GAPVCGETCFGGTCNTPGCTCDPWPVCTND,30,G A P V C G E T C F G G T C N T P G C T C D P W P V C T N D <EOS>,"['G', 'A', 'P', 'V', 'C', 'G', 'E', 'T', 'C', 'F', 'G', 'G', 'T', 'C', 'N', 'T', 'P', 'G', 'C', 'T', 'C', 'D', 'P', 'W', 'P', 'V', 'C', 'T', 'N', 'D', '<EOS>']"
CP05349,GAPVCGETCFTGLCYSSGCSCIYPVCNRN,GAPVCGETCFTGLCYSSGCSCIYPVCNRN,29,G A P V C G E T C F T G L C Y S S G C S C I Y P V C N R N <EOS> <PAD>,"['G', 'A', 'P', 'V', 'C', 'G', 'E', 'T', 'C', 'F', 'T', 'G', 'L', 'C', 'Y', 'S', 'S', 'G', 'C', 'S', 'C', 'I', 'Y', 'P', 'V', 'C', 'N', 'R', 'N', '<EOS>', '<PAD>']"
CP02979;CP03991;CP05309,GASCGETCFTGICFTAGCSCNPWPTCTRN,GASCGETCFTGICFTAGCSCNPWPTCTRN,29,G A S C G E T C F T G I C F T A G C S C N P W P T C T R N <EOS> <PAD>,"['G', 'A', 'S', 'C', 'G', 'E', 'T', 'C', 'F', 'T', 'G', 'I', 'C', 'F', 'T', 'A', 'G', 'C', 'S', 'C', 'N', 'P', 'W', 'P', 'T', 'C', 'T', 'R', 'N', '<EOS>', '<PAD>']"
CP05493,GASCVETCNYFPCISEMINCYCQSKRCVKN,GASCVETCNYFPCISEMINCYCQSKRCVKN,30,G A S C V E T C N Y F P C I S E M I N C Y C Q S K R C V K N <EOS>,"['G', 'A', 'S', 'C', 'V', 'E', 'T', 'C', 'N', 'Y', 'F', 'P', 'C', 'I', 'S', 'E', 'M', 'I', 'N', 'C', 'Y', 'C', 'Q', 'S', 'K', 'R', 'C', 'V', 'K', 'N', '<EOS>']"
CP09053;CP09057;CP09079,GCCADPSCSILMPYFCI,GCCADPSCSILMPYFCI,17,G C C A D P S C S I L M P Y F C I <EOS> <PAD> <PAD> <PAD> <PAD> <PAD> <PAD> <PAD> <PAD> <PAD> <PAD> <PAD> <PAD> <PAD>,"['G', 'C', 'C', 'A', 'D', 'P', 'S', 'C', 'S', 'I', 'L', 'M', 'P', 'Y', 'F', 'C', 'I', '<EOS>', '<PAD>', '<PAD>', '<PAD>', '<PAD>', '<PAD>', '<PAD>', '<PAD>', '<PAD>', '<PAD>', '<PAD>', '<PAD>', '<PAD>', '<PAD>']"
CP07362,GCCAHLPCALMYTACSW,GCCAHLPCALMYTACSW,17,G C C A H L P C A L M Y T A C S W <EOS> <PAD> <PAD> <PAD> <PAD> <PAD> <PAD> <PAD> <PAD> <PAD> <PAD> <PAD> <PAD> <PAD>,"['G', 'C', 'C', 'A', 'H', 'L', 'P', 'C', 'A', 'L', 'M', 'Y', 'T', 'A', 'C', 'S', 'W', '<EOS>', '<PAD>', '<PAD>', '<PAD>', '<PAD>', '<PAD>', '<PAD>', '<PAD>', '<PAD>', '<PAD>', '<PAD>', '<PAD>', '<PAD>', '<PAD>']"
CP09241;CP09252,GCCARNPACRHNHPCV,GCCARNPACRHNHPCV,16,G C C A R N P A C R H N H P C V <EOS> <PAD> <PAD> <PAD> <PAD> <PAD> <PAD> <PAD> <PAD> <PAD> <PAD> <PAD> <PAD> <PAD> <PAD>,"['G', 'C', 'C', 'A', 'R', 'N', 'P', 'A', 'C', 'R', 'H', 'N', 'H', 'P', 'C', 'V', '<EOS>', '<PAD>', '<PAD>', '<PAD>', '<PAD>', '<PAD>', '<PAD>', '<PAD>', '<PAD>', '<PAD>', '<PAD>', '<PAD>', '<PAD>', '<PAD>', '<PAD>']"
CP06924,GCCCNPACGPKYSC,GCCCNPACGPKYSC,14,G C C C N P A C G P K Y S C <EOS> <PAD> <PAD> <PAD> <PAD> <PAD> <PAD> <PAD> <PAD> <PAD> <PAD> <PAD> <PAD> <PAD> <PAD> <PAD> <PAD>,"['G', 'C', 'C', 'C', 'N', 'P', 'A', 'C', 'G', 'P', 'K', 'Y', 'S', 'C', '<EOS>', '<PAD>', '<PAD>', '<PAD>', '<PAD>', '<PAD>', '<PAD>', '<PAD>', '<PAD>', '<PAD>', '<PAD>', '<PAD>', '<PAD>', '<PAD>', '<PAD>', '<PAD>', '<PAD>']"
CP05890,GCCCNPACGPNYGCGTSCS,GCCCNPACGPNYGCGTSCS,19,G C C C N P A C G P N Y G C G T S C S <EOS> <PAD> <PAD> <PAD> <PAD> <PAD> <PAD> <PAD> <PAD> <PAD> <PAD> <PAD>,"['G', 'C', 'C', 'C', 'N', 'P', 'A', 'C', 'G', 'P', 'N', 'Y', 'G', 'C', 'G', 'T', 'S', 'C', 'S', '<EOS>', '<PAD>', '<PAD>', '<PAD>', '<PAD>', '<PAD>', '<PAD>', '<PAD>', '<PAD>', '<PAD>', '<PAD>', '<PAD>']"
CP09058;CP09080,GCCDDPPCRARYPFLCI,GCCDDPPCRARYPFLCI,17,G C C D D P P C R A R Y P F L C I <EOS> <PAD> <PAD> <PAD> <PAD> <PAD> <PAD> <PAD> <PAD> <PAD> <PAD> <PAD> <PAD> <PAD>,"['G', 'C', 'C', 'D', 'D', 'P', 'P', 'C', 'R', 'A', 'R', 'Y', 'P', 'F', 'L', 'C', 'I', '<EOS>', '<PAD>', '<PAD>', '<PAD>', '<PAD>', '<PAD>', '<PAD>', '<PAD>', '<PAD>', '<PAD>', '<PAD>', '<PAD>', '<PAD>', '<PAD>']"
CP07361,GCCDDPSCRAENPFLCSWM,GCCDDPSCRAENPFLCSWM,19,G C C D D P S C R A E N P F L C S W M <EOS> <PAD> <PAD> <PAD> <PAD> <PAD> <PAD> <PAD> <PAD> <PAD> <PAD> <PAD>,"['G', 'C', 'C', 'D', 'D', 'P', 'S', 'C', 'R', 'A', 'E', 'N', 'P', 'F', 'L', 'C', 'S', 'W', 'M', '<EOS>', '<PAD>', '<PAD>', '<PAD>', '<PAD>', '<PAD>', '<PAD>', '<PAD>', '<PAD>', '<PAD>', '<PAD>', '<PAD>']"
CP07358,GCCDDPSCSIHMPFFCF,GCCDDPSCSIHMPFFCF,17,G C C D D P S C S I H M P F F C F <EOS> <PAD> <PAD> <PAD> <PAD> <PAD> <PAD> <PAD> <PAD> <PAD> <PAD> <PAD> <PAD> <PAD>,"['G', 'C', 'C', 'D', 'D', 'P', 'S', 'C', 'S', 'I', 'H', 'M', 'P', 'F', 'F', 'C', 'F', '<EOS>', '<PAD>', '<PAD>', '<PAD>', '<PAD>', '<PAD>', '<PAD>', '<PAD>', '<PAD>', '<PAD>', '<PAD>', '<PAD>', '<PAD>', '<PAD>']"
CP07296,GCCDPQWCDAGCYDGCC,GCCDPQWCDAGCYDGCC,17,G C C D P Q W C D A G C Y D G C C <EOS> <PAD> <PAD> <PAD> <PAD> <PAD> <PAD> <PAD> <PAD> <PAD> <PAD> <PAD> <PAD> <PAD>,"['G', 'C', 'C', 'D', 'P', 'Q', 'W', 'C', 'D', 'A', 'G', 'C', 'Y', 'D', 'G', 'C', 'C', '<EOS>', '<PAD>', '<PAD>', '<PAD>', '<PAD>', '<PAD>', '<PAD>', '<PAD>', '<PAD>', '<PAD>', '<PAD>', '<PAD>', '<PAD>', '<PAD>']"
CP07261,GCCDYDWCDEFCYCCE,GCCDYDWCDEFCYCCE,16,G C C D Y D W C D E F C Y C C E <EOS> <PAD> <PAD> <PAD> <PAD> <PAD> <PAD> <PAD> <PAD> <PAD> <PAD> <PAD> <PAD> <PAD> <PAD>,"['G', 'C', 'C', 'D', 'Y', 'D', 'W', 'C', 'D', 'E', 'F', 'C', 'Y', 'C', 'C', 'E', '<EOS>', '<PAD>', '<PAD>', '<PAD>', '<PAD>', '<PAD>', '<PAD>', '<PAD>', '<PAD>', '<PAD>', '<PAD>', '<PAD>', '<PAD>', '<PAD>', '<PAD>']"
CP08661,GCCEDKTCCFI,GCCEDKTCCFI,11,G C C E D K T C C F I <EOS> <PAD> <PAD> <PAD> <PAD> <PAD> <PAD> <PAD> <PAD> <PAD> <PAD> <PAD> <PAD> <PAD> <PAD> <PAD> <PAD> <PAD> <PAD> <PAD>,"['G', 'C', 'C', 'E', 'D', 'K', 'T', 'C', 'C', 'F', 'I', '<EOS>', '<PAD>', '<PAD>', '<PAD>', '<PAD>', '<PAD>', '<PAD>', '<PAD>', '<PAD>', '<PAD>', '<PAD>', '<PAD>', '<PAD>', '<PAD>', '<PAD>', '<PAD>', '<PAD>', '<PAD>', '<PAD>', '<PAD>']"
CP06384,GCCEPDWCDSGCDDGCC,GCCEPDWCDSGCDDGCC,17,G C C E P D W C D S G C D D G C C <EOS> <PAD> <PAD> <PAD> <PAD> <PAD> <PAD> <PAD> <PAD> <PAD> <PAD> <PAD> <PAD> <PAD>,"['G', 'C', 'C', 'E', 'P', 'D', 'W', 'C', 'D', 'S', 'G', 'C', 'D', 'D', 'G', 'C', 'C', '<EOS>', '<PAD>', '<PAD>', '<PAD>', '<PAD>', '<PAD>', '<PAD>', '<PAD>', '<PAD>', '<PAD>', '<PAD>', '<PAD>', '<PAD>', '<PAD>']"
CP06272,GCCFHPVCYINLLEMCRQR,GCCFHPVCYINLLEMCRQR,19,G C C F H P V C Y I N L L E M C R Q R <EOS> <PAD> <PAD> <PAD> <PAD> <PAD> <PAD> <PAD> <PAD> <PAD> <PAD> <PAD>,"['G', 'C', 'C', 'F', 'H', 'P', 'V', 'C', 'Y', 'I', 'N', 'L', 'L', 'E', 'M', 'C', 'R', 'Q', 'R', '<EOS>', '<PAD>', '<PAD>', '<PAD>', '<PAD>', '<PAD>', '<PAD>', '<PAD>', '<PAD>', '<PAD>', '<PAD>', '<PAD>']"
CP09009;CP09010;CP09011,GCCGAFACRFGCTPCC,GCCGAFACRFGCTPCC,16,G C C G A F A C R F G C T P C C <EOS> <PAD> <PAD> <PAD> <PAD> <PAD> <PAD> <PAD> <PAD> <PAD> <PAD> <PAD> <PAD> <PAD> <PAD>,"['G', 'C', 'C', 'G', 'A', 'F', 'A', 'C', 'R', 'F', 'G', 'C', 'T', 'P', 'C', 'C', '<EOS>', '<PAD>', '<PAD>', '<PAD>', '<PAD>', '<PAD>', '<PAD>', '<PAD>', '<PAD>', '<PAD>', '<PAD>', '<PAD>', '<PAD>', '<PAD>', '<PAD>']"
CP08309,GCCGAWACMAGCRPCC,GCCGAWACMAGCRPCC,16,G C C G A W A C M A G C R P C C <EOS> <PAD> <PAD> <PAD> <PAD> <PAD> <PAD> <PAD> <PAD> <PAD> <PAD> <PAD> <PAD> <PAD> <PAD>,"['G', 'C', 'C', 'G', 'A', 'W', 'A', 'C', 'M', 'A', 'G', 'C', 'R', 'P', 'C', 'C', '<EOS>', '<PAD>', '<PAD>', '<PAD>', '<PAD>', '<PAD>', '<PAD>', '<PAD>', '<PAD>', '<PAD>', '<PAD>', '<PAD>', '<PAD>', '<PAD>', '<PAD>']"
CP07825,GCCGPTACIVGCKPCC,GCCGPTACIVGCKPCC,16,G C C G P T A C I V G C K P C C <EOS> <PAD> <PAD> <PAD> <PAD> <PAD> <PAD> <PAD> <PAD> <PAD> <PAD> <PAD> <PAD> <PAD> <PAD>,"['G', 'C', 'C', 'G', 'P', 'T', 'A', 'C', 'I', 'V', 'G', 'C', 'K', 'P', 'C', 'C', '<EOS>', '<PAD>', '<PAD>', '<PAD>', '<PAD>', '<PAD>', '<PAD>', '<PAD>', '<PAD>', '<PAD>', '<PAD>', '<PAD>', '<PAD>', '<PAD>', '<PAD>']"
CP09007;CP09040,GCCHLLACRMGCSPCCW,GCCHLLACRMGCSPCCW,17,G C C H L L A C R M G C S P C C W <EOS> <PAD> <PAD> <PAD> <PAD> <PAD> <PAD> <PAD> <PAD> <PAD> <PAD> <PAD> <PAD> <PAD>,"['G', 'C', 'C', 'H', 'L', 'L', 'A', 'C', 'R', 'M', 'G', 'C', 'S', 'P', 'C', 'C', 'W', '<EOS>', '<PAD>', '<PAD>', '<PAD>', '<PAD>', '<PAD>', '<PAD>', '<PAD>', '<PAD>', '<PAD>', '<PAD>', '<PAD>', '<PAD>', '<PAD>']"
CP08885;CP09138,GCCHPSTCHMRKGCSRCCS,GCCHPSTCHMRKGCSRCCS,19,G C C H P S T C H M R K G C S R C C S <EOS> <PAD> <PAD> <PAD> <PAD> <PAD> <PAD> <PAD> <PAD> <PAD> <PAD> <PAD>,"['G', 'C', 'C', 'H', 'P', 'S', 'T', 'C', 'H', 'M', 'R', 'K', 'G', 'C', 'S', 'R', 'C', 'C', 'S', '<EOS>', '<PAD>', '<PAD>', '<PAD>', '<PAD>', '<PAD>', '<PAD>', '<PAD>', '<PAD>', '<PAD>', '<PAD>', '<PAD>']"
CP07332,GCCHPSTCHVRKGCSRCCP,GCCHPSTCHVRKGCSRCCP,19,G C C H P S T C H V R K G C S R C C P <EOS> <PAD> <PAD> <PAD> <PAD> <PAD> <PAD> <PAD> <PAD> <PAD> <PAD> <PAD>,"['G', 'C', 'C', 'H', 'P', 'S', 'T', 'C', 'H', 'V', 'R', 'K', 'G', 'C', 'S', 'R', 'C', 'C', 'P', '<EOS>', '<PAD>', '<PAD>', '<PAD>', '<PAD>', '<PAD>', '<PAD>', '<PAD>', '<PAD>', '<PAD>', '<PAD>', '<PAD>']"
CP08953;CP08970,GCCIEPLCYQYDCDCCRHL,GCCIEPLCYQYDCDCCRHL,19,G C C I E P L C Y Q Y D C D C C R H L <EOS> <PAD> <PAD> <PAD> <PAD> <PAD> <PAD> <PAD> <PAD> <PAD> <PAD> <PAD>,"['G', 'C', 'C', 'I', 'E', 'P', 'L', 'C', 'Y', 'Q', 'Y', 'D', 'C', 'D', 'C', 'C', 'R', 'H', 'L', '<EOS>', '<PAD>', '<PAD>', '<PAD>', '<PAD>', '<PAD>', '<PAD>', '<PAD>', '<PAD>', '<PAD>', '<PAD>', '<PAD>']"
CP07249,GCCIVPWCTGCYCCH,GCCIVPWCTGCYCCH,15,G C C I V P W C T G C Y C C H <EOS> <PAD> <PAD> <PAD> <PAD> <PAD> <PAD> <PAD> <PAD> <PAD> <PAD> <PAD> <PAD> <PAD> <PAD> <PAD>,"['G', 'C', 'C', 'I', 'V', 'P', 'W', 'C', 'T', 'G', 'C', 'Y', 'C', 'C', 'H', '<EOS>', '<PAD>', '<PAD>', '<PAD>', '<PAD>', '<PAD>', '<PAD>', '<PAD>', '<PAD>', '<PAD>', '<PAD>', '<PAD>', '<PAD>', '<PAD>', '<PAD>', '<PAD>']"
CP08210,GCCKLFDVGFCCGK,GCCKLFDVGFCCGK,14,G C C K L F D V G F C C G K <EOS> <PAD> <PAD> <PAD> <PAD> <PAD> <PAD> <PAD> <PAD> <PAD> <PAD> <PAD> <PAD> <PAD> <PAD> <PAD> <PAD>,"['G', 'C', 'C', 'K', 'L', 'F', 'D', 'V', 'G', 'F', 'C', 'C', 'G', 'K', '<EOS>', '<PAD>', '<PAD>', '<PAD>', '<PAD>', '<PAD>', '<PAD>', '<PAD>', '<PAD>', '<PAD>', '<PAD>', '<PAD>', '<PAD>', '<PAD>', '<PAD>', '<PAD>', '<PAD>']"
CP07824,GCCNAGFCRFGCTPCCW,GCCNAGFCRFGCTPCCW,17,G C C N A G F C R F G C T P C C W <EOS> <PAD> <PAD> <PAD> <PAD> <PAD> <PAD> <PAD> <PAD> <PAD> <PAD> <PAD> <PAD> <PAD>,"['G', 'C', 'C', 'N', 'A', 'G', 'F', 'C', 'R', 'F', 'G', 'C', 'T', 'P', 'C', 'C', 'W', '<EOS>', '<PAD>', '<PAD>', '<PAD>', '<PAD>', '<PAD>', '<PAD>', '<PAD>', '<PAD>', '<PAD>', '<PAD>', '<PAD>', '<PAD>', '<PAD>']"
CP05944,GCCPFPACTHTIICRCC,GCCPFPACTHTIICRCC,17,G C C P F P A C T H T I I C R C C <EOS> <PAD> <PAD> <PAD> <PAD> <PAD> <PAD> <PAD> <PAD> <PAD> <PAD> <PAD> <PAD> <PAD>,"['G', 'C', 'C', 'P', 'F', 'P', 'A', 'C', 'T', 'H', 'T', 'I', 'I', 'C', 'R', 'C', 'C', '<EOS>', '<PAD>', '<PAD>', '<PAD>', '<PAD>', '<PAD>', '<PAD>', '<PAD>', '<PAD>', '<PAD>', '<PAD>', '<PAD>', '<PAD>', '<PAD>']"
CP07289,GCCPIGPCLQSVCSPCCP,GCCPIGPCLQSVCSPCCP,18,G C C P I G P C L Q S V C S P C C P <EOS> <PAD> <PAD> <PAD> <PAD> <PAD> <PAD> <PAD> <PAD> <PAD> <PAD> <PAD> <PAD>,"['G', 'C', 'C', 'P', 'I', 'G', 'P', 'C', 'L', 'Q', 'S', 'V', 'C', 'S', 'P', 'C', 'C', 'P', '<EOS>', '<PAD>', '<PAD>', '<PAD>', '<PAD>', '<PAD>', '<PAD>', '<PAD>', '<PAD>', '<PAD>', '<PAD>', '<PAD>', '<PAD>']"
CP09001;CP09094,GCCPPSLCDPGCDEGCCPVVTPAC,GCCPPSLCDPGCDEGCCPVVTPAC,24,G C C P P S L C D P G C D E G C C P V V T P A C <EOS> <PAD> <PAD> <PAD> <PAD> <PAD> <PAD>,"['G', 'C', 'C', 'P', 'P', 'S', 'L', 'C', 'D', 'P', 'G', 'C', 'D', 'E', 'G', 'C', 'C', 'P', 'V', 'V', 'T', 'P', 'A', 'C', '<EOS>', '<PAD>', '<PAD>', '<PAD>', '<PAD>', '<PAD>', '<PAD>']"
CP08369,GCCPYPKCIHVTFCKCC,GCCPYPKCIHVTFCKCC,17,G C C P Y P K C I H V T F C K C C <EOS> <PAD> <PAD> <PAD> <PAD> <PAD> <PAD> <PAD> <PAD> <PAD> <PAD> <PAD> <PAD> <PAD>,"['G', 'C', 'C', 'P', 'Y', 'P', 'K', 'C', 'I', 'H', 'V', 'T', 'F', 'C', 'K', 'C', 'C', '<EOS>', '<PAD>', '<PAD>', '<PAD>', '<PAD>', '<PAD>', '<PAD>', '<PAD>', '<PAD>', '<PAD>', '<PAD>', '<PAD>', '<PAD>', '<PAD>']"
CP07314,GCCRWPCPSICGMARCCSS,GCCRWPCPSICGMARCCSS,19,G C C R W P C P S I C G M A R C C S S <EOS> <PAD> <PAD> <PAD> <PAD> <PAD> <PAD> <PAD> <PAD> <PAD> <PAD> <PAD>,"['G', 'C', 'C', 'R', 'W', 'P', 'C', 'P', 'S', 'I', 'C', 'G', 'M', 'A', 'R', 'C', 'C', 'S', 'S', '<EOS>', '<PAD>', '<PAD>', '<PAD>', '<PAD>', '<PAD>', '<PAD>', '<PAD>', '<PAD>', '<PAD>', '<PAD>', '<PAD>']"
CP06252,GCCSDKRCAWRC,GCCSDKRCAWRC,12,G C C S D K R C A W R C <EOS> <PAD> <PAD> <PAD> <PAD> <PAD> <PAD> <PAD> <PAD> <PAD> <PAD> <PAD> <PAD> <PAD> <PAD> <PAD> <PAD> <PAD> <PAD>,"['G', 'C', 'C', 'S', 'D', 'K', 'R', 'C', 'A', 'W', 'R', 'C', '<EOS>', '<PAD>', '<PAD>', '<PAD>', '<PAD>', '<PAD>', '<PAD>', '<PAD>', '<PAD>', '<PAD>', '<PAD>', '<PAD>', '<PAD>', '<PAD>', '<PAD>', '<PAD>', '<PAD>', '<PAD>', '<PAD>']"
CP07074,GCCSDPKCRYRCR,GCCSDPKCRYRCR,13,G C C S D P K C R Y R C R <EOS> <PAD> <PAD> <PAD> <PAD> <PAD> <PAD> <PAD> <PAD> <PAD> <PAD> <PAD> <PAD> <PAD> <PAD> <PAD> <PAD> <PAD>,"['G', 'C', 'C', 'S', 'D', 'P', 'K', 'C', 'R', 'Y', 'R', 'C', 'R', '<EOS>', '<PAD>', '<PAD>', '<PAD>', '<PAD>', '<PAD>', '<PAD>', '<PAD>', '<PAD>', '<PAD>', '<PAD>', '<PAD>', '<PAD>', '<PAD>', '<PAD>', '<PAD>', '<PAD>', '<PAD>']"
CP07669,GCCSDPPCAHKHC,GCCSDPPCAHKHC,13,G C C S D P P C A H K H C <EOS> <PAD> <PAD> <PAD> <PAD> <PAD> <PAD> <PAD> <PAD> <PAD> <PAD> <PAD> <PAD> <PAD> <PAD> <PAD> <PAD> <PAD>,"['G', 'C', 'C', 'S', 'D', 'P', 'P', 'C', 'A', 'H', 'K', 'H', 'C', '<EOS>', '<PAD>', '<PAD>', '<PAD>', '<PAD>', '<PAD>', '<PAD>', '<PAD>', '<PAD>', '<PAD>', '<PAD>', '<PAD>', '<PAD>', '<PAD>', '<PAD>', '<PAD>', '<PAD>', '<PAD>']"
CP07649,GCCSDPPCRHKHQDLC,GCCSDPPCRHKHQDLC,16,G C C S D P P C R H K H Q D L C <EOS> <PAD> <PAD> <PAD> <PAD> <PAD> <PAD> <PAD> <PAD> <PAD> <PAD> <PAD> <PAD> <PAD> <PAD>,"['G', 'C', 'C', 'S', 'D', 'P', 'P', 'C', 'R', 'H', 'K', 'H', 'Q', 'D', 'L', 'C', '<EOS>', '<PAD>', '<PAD>', '<PAD>', '<PAD>', '<PAD>', '<PAD>', '<PAD>', '<PAD>', '<PAD>', '<PAD>', '<PAD>', '<PAD>', '<PAD>', '<PAD>']"
CP07463,GCCSDPPCRNKHPDLCG,GCCSDPPCRNKHPDLCG,17,G C C S D P P C R N K H P D L C G <EOS> <PAD> <PAD> <PAD> <PAD> <PAD> <PAD> <PAD> <PAD> <PAD> <PAD> <PAD> <PAD> <PAD>,"['G', 'C', 'C', 'S', 'D', 'P', 'P', 'C', 'R', 'N', 'K', 'H', 'P', 'D', 'L', 'C', 'G', '<EOS>', '<PAD>', '<PAD>', '<PAD>', '<PAD>', '<PAD>', '<PAD>', '<PAD>', '<PAD>', '<PAD>', '<PAD>', '<PAD>', '<PAD>', '<PAD>']"
CP06746,GCCSDPRCAYRCR,GCCSDPRCAYRCR,13,G C C S D P R C A Y R C R <EOS> <PAD> <PAD> <PAD> <PAD> <PAD> <PAD> <PAD> <PAD> <PAD> <PAD> <PAD> <PAD> <PAD> <PAD> <PAD> <PAD> <PAD>,"['G', 'C', 'C', 'S', 'D', 'P', 'R', 'C', 'A', 'Y', 'R', 'C', 'R', '<EOS>', '<PAD>', '<PAD>', '<PAD>', '<PAD>', '<PAD>', '<PAD>', '<PAD>', '<PAD>', '<PAD>', '<PAD>', '<PAD>', '<PAD>', '<PAD>', '<PAD>', '<PAD>', '<PAD>', '<PAD>']"
CP08632,GCCSDPRCKYRCR,GCCSDPRCKYRCR,13,G C C S D P R C K Y R C R <EOS> <PAD> <PAD> <PAD> <PAD> <PAD> <PAD> <PAD> <PAD> <PAD> <PAD> <PAD> <PAD> <PAD> <PAD> <PAD> <PAD> <PAD>,"['G', 'C', 'C', 'S', 'D', 'P', 'R', 'C', 'K', 'Y', 'R', 'C', 'R', '<EOS>', '<PAD>', '<PAD>', '<PAD>', '<PAD>', '<PAD>', '<PAD>', '<PAD>', '<PAD>', '<PAD>', '<PAD>', '<PAD>', '<PAD>', '<PAD>', '<PAD>', '<PAD>', '<PAD>', '<PAD>']"
CP07014,GCCSDPRCNYDHPEICGGAAGG,GCCSDPRCNYDHPEICGGAAGG,22,G C C S D P R C N Y D H P E I C G G A A G G <EOS> <PAD> <PAD> <PAD> <PAD> <PAD> <PAD> <PAD> <PAD>,"['G', 'C', 'C', 'S', 'D', 'P', 'R', 'C', 'N', 'Y', 'D', 'H', 'P', 'E', 'I', 'C', 'G', 'G', 'A', 'A', 'G', 'G', '<EOS>', '<PAD>', '<PAD>', '<PAD>', '<PAD>', '<PAD>', '<PAD>', '<PAD>', '<PAD>']"
CP07992,GCCSDPRCRYRCGAAGG,GCCSDPRCRYRCGAAGG,17,G C C S D P R C R Y R C G A A G G <EOS> <PAD> <PAD> <PAD> <PAD> <PAD> <PAD> <PAD> <PAD> <PAD> <PAD> <PAD> <PAD> <PAD>,"['G', 'C', 'C', 'S', 'D', 'P', 'R', 'C', 'R', 'Y', 'R', 'C', 'G', 'A', 'A', 'G', 'G', '<EOS>', '<PAD>', '<PAD>', '<PAD>', '<PAD>', '<PAD>', '<PAD>', '<PAD>', '<PAD>', '<PAD>', '<PAD>', '<PAD>', '<PAD>', '<PAD>']"
CP07994,GCCSDPRCRYRCGGAAGAG,GCCSDPRCRYRCGGAAGAG,19,G C C S D P R C R Y R C G G A A G A G <EOS> <PAD> <PAD> <PAD> <PAD> <PAD> <PAD> <PAD> <PAD> <PAD> <PAD> <PAD>,"['G', 'C', 'C', 'S', 'D', 'P', 'R', 'C', 'R', 'Y', 'R', 'C', 'G', 'G', 'A', 'A', 'G', 'A', 'G', '<EOS>', '<PAD>', '<PAD>', '<PAD>', '<PAD>', '<PAD>', '<PAD>', '<PAD>', '<PAD>', '<PAD>', '<PAD>', '<PAD>']"
CP08496,GCCSDPRCRYRCGRRRRGGCCSDPRCRYRC,GCCSDPRCRYRCGRRRRGGCCSDPRCRYRC,30,G C C S D P R C R Y R C G R R R R G G C C S D P R C R Y R C <EOS>,"['G', 'C', 'C', 'S', 'D', 'P', 'R', 'C', 'R', 'Y', 'R', 'C', 'G', 'R', 'R', 'R', 'R', 'G', 'G', 'C', 'C', 'S', 'D', 'P', 'R', 'C', 'R', 'Y', 'R', 'C', '<EOS>']"
CP06745,GCCSDVRCRYRCR,GCCSDVRCRYRCR,13,G C C S D V R C R Y R C R <EOS> <PAD> <PAD> <PAD> <PAD> <PAD> <PAD> <PAD> <PAD> <PAD> <PAD> <PAD> <PAD> <PAD> <PAD> <PAD> <PAD> <PAD>,"['G', 'C', 'C', 'S', 'D', 'V', 'R', 'C', 'R', 'Y', 'R', 'C', 'R', '<EOS>', '<PAD>', '<PAD>', '<PAD>', '<PAD>', '<PAD>', '<PAD>', '<PAD>', '<PAD>', '<PAD>', '<PAD>', '<PAD>', '<PAD>', '<PAD>', '<PAD>', '<PAD>', '<PAD>', '<PAD>']"
CP06743,GCCSEPRCRYRCR,GCCSEPRCRYRCR,13,G C C S E P R C R Y R C R <EOS> <PAD> <PAD> <PAD> <PAD> <PAD> <PAD> <PAD> <PAD> <PAD> <PAD> <PAD> <PAD> <PAD> <PAD> <PAD> <PAD> <PAD>,"['G', 'C', 'C', 'S', 'E', 'P', 'R', 'C', 'R', 'Y', 'R', 'C', 'R', '<EOS>', '<PAD>', '<PAD>', '<PAD>', '<PAD>', '<PAD>', '<PAD>', '<PAD>', '<PAD>', '<PAD>', '<PAD>', '<PAD>', '<PAD>', '<PAD>', '<PAD>', '<PAD>', '<PAD>', '<PAD>']"
CP06294,GCCSHPACSGNNREYCRES,GCCSHPACSGNNREYCRES,19,G C C S H P A C S G N N R E Y C R E S <EOS> <PAD> <PAD> <PAD> <PAD> <PAD> <PAD> <PAD> <PAD> <PAD> <PAD> <PAD>,"['G', 'C', 'C', 'S', 'H', 'P', 'A', 'C', 'S', 'G', 'N', 'N', 'R', 'E', 'Y', 'C', 'R', 'E', 'S', '<EOS>', '<PAD>', '<PAD>', '<PAD>', '<PAD>', '<PAD>', '<PAD>', '<PAD>', '<PAD>', '<PAD>', '<PAD>', '<PAD>']"
CP06279,GCCSHPPCAMNNPDYC,GCCSHPPCAMNNPDYC,16,G C C S H P P C A M N N P D Y C <EOS> <PAD> <PAD> <PAD> <PAD> <PAD> <PAD> <PAD> <PAD> <PAD> <PAD> <PAD> <PAD> <PAD> <PAD>,"['G', 'C', 'C', 'S', 'H', 'P', 'P', 'C', 'A', 'M', 'N', 'N', 'P', 'D', 'Y', 'C', '<EOS>', '<PAD>', '<PAD>', '<PAD>', '<PAD>', '<PAD>', '<PAD>', '<PAD>', '<PAD>', '<PAD>', '<PAD>', '<PAD>', '<PAD>', '<PAD>', '<PAD>']"
CP08783,GCCSLPPCAANNPDYC,GCCSLPPCAANNPDYC,16,G C C S L P P C A A N N P D Y C <EOS> <PAD> <PAD> <PAD> <PAD> <PAD> <PAD> <PAD> <PAD> <PAD> <PAD> <PAD> <PAD> <PAD> <PAD>,"['G', 'C', 'C', 'S', 'L', 'P', 'P', 'C', 'A', 'A', 'N', 'N', 'P', 'D', 'Y', 'C', '<EOS>', '<PAD>', '<PAD>', '<PAD>', '<PAD>', '<PAD>', '<PAD>', '<PAD>', '<PAD>', '<PAD>', '<PAD>', '<PAD>', '<PAD>', '<PAD>', '<PAD>']"
CP07364,GCCSNLACAGNNLHIC,GCCSNLACAGNNLHIC,16,G C C S N L A C A G N N L H I C <EOS> <PAD> <PAD> <PAD> <PAD> <PAD> <PAD> <PAD> <PAD> <PAD> <PAD> <PAD> <PAD> <PAD> <PAD>,"['G', 'C', 'C', 'S', 'N', 'L', 'A', 'C', 'A', 'G', 'N', 'N', 'L', 'H', 'I', 'C', '<EOS>', '<PAD>', '<PAD>', '<PAD>', '<PAD>', '<PAD>', '<PAD>', '<PAD>', '<PAD>', '<PAD>', '<PAD>', '<PAD>', '<PAD>', '<PAD>', '<PAD>']"
CP06997,GCCSNPACMVNNPQIC,GCCSNPACMVNNPQIC,16,G C C S N P A C M V N N P Q I C <EOS> <PAD> <PAD> <PAD> <PAD> <PAD> <PAD> <PAD> <PAD> <PAD> <PAD> <PAD> <PAD> <PAD> <PAD>,"['G', 'C', 'C', 'S', 'N', 'P', 'A', 'C', 'M', 'V', 'N', 'N', 'P', 'Q', 'I', 'C', '<EOS>', '<PAD>', '<PAD>', '<PAD>', '<PAD>', '<PAD>', '<PAD>', '<PAD>', '<PAD>', '<PAD>', '<PAD>', '<PAD>', '<PAD>', '<PAD>', '<PAD>']"
CP08763,GCCSNPPCAHEHCR,GCCSNPPCAHEHCR,14,G C C S N P P C A H E H C R <EOS> <PAD> <PAD> <PAD> <PAD> <PAD> <PAD> <PAD> <PAD> <PAD> <PAD> <PAD> <PAD> <PAD> <PAD> <PAD> <PAD>,"['G', 'C', 'C', 'S', 'N', 'P', 'P', 'C', 'A', 'H', 'E', 'H', 'C', 'R', '<EOS>', '<PAD>', '<PAD>', '<PAD>', '<PAD>', '<PAD>', '<PAD>', '<PAD>', '<PAD>', '<PAD>', '<PAD>', '<PAD>', '<PAD>', '<PAD>', '<PAD>', '<PAD>', '<PAD>']"
CP07670,GCCSNPPCARLNPAC,GCCSNPPCARLNPAC,15,G C C S N P P C A R L N P A C <EOS> <PAD> <PAD> <PAD> <PAD> <PAD> <PAD> <PAD> <PAD> <PAD> <PAD> <PAD> <PAD> <PAD> <PAD> <PAD>,"['G', 'C', 'C', 'S', 'N', 'P', 'P', 'C', 'A', 'R', 'L', 'N', 'P', 'A', 'C', '<EOS>', '<PAD>', '<PAD>', '<PAD>', '<PAD>', '<PAD>', '<PAD>', '<PAD>', '<PAD>', '<PAD>', '<PAD>', '<PAD>', '<PAD>', '<PAD>', '<PAD>', '<PAD>']"
CP06659,GCCSNPPCIAKNPHMCGGRR,GCCSNPPCIAKNPHMCGGRR,20,G C C S N P P C I A K N P H M C G G R R <EOS> <PAD> <PAD> <PAD> <PAD> <PAD> <PAD> <PAD> <PAD> <PAD> <PAD>,"['G', 'C', 'C', 'S', 'N', 'P', 'P', 'C', 'I', 'A', 'K', 'N', 'P', 'H', 'M', 'C', 'G', 'G', 'R', 'R', '<EOS>', '<PAD>', '<PAD>', '<PAD>', '<PAD>', '<PAD>', '<PAD>', '<PAD>', '<PAD>', '<PAD>', '<PAD>']"
CP05901,GCCSNPVCHLEHSNLCGAGGAAG,GCCSNPVCHLEHSNLCGAGGAAG,23,G C C S N P V C H L E H S N L C G A G G A A G <EOS> <PAD> <PAD> <PAD> <PAD> <PAD> <PAD> <PAD>,"['G', 'C', 'C', 'S', 'N', 'P', 'V', 'C', 'H', 'L', 'E', 'H', 'S', 'N', 'L', 'C', 'G', 'A', 'G', 'G', 'A', 'A', 'G', '<EOS>', '<PAD>', '<PAD>', '<PAD>', '<PAD>', '<PAD>', '<PAD>', '<PAD>']"
CP06900,GCCSNPVCHVEHSYMC,GCCSNPVCHVEHSYMC,16,G C C S N P V C H V E H S Y M C <EOS> <PAD> <PAD> <PAD> <PAD> <PAD> <PAD> <PAD> <PAD> <PAD> <PAD> <PAD> <PAD> <PAD> <PAD>,"['G', 'C', 'C', 'S', 'N', 'P', 'V', 'C', 'H', 'V', 'E', 'H', 'S', 'Y', 'M', 'C', '<EOS>', '<PAD>', '<PAD>', '<PAD>', '<PAD>', '<PAD>', '<PAD>', '<PAD>', '<PAD>', '<PAD>', '<PAD>', '<PAD>', '<PAD>', '<PAD>', '<PAD>']"
CP06366,GCCSRPPCALSNPDYC,GCCSRPPCALSNPDYC,16,G C C S R P P C A L S N P D Y C <EOS> <PAD> <PAD> <PAD> <PAD> <PAD> <PAD> <PAD> <PAD> <PAD> <PAD> <PAD> <PAD> <PAD> <PAD>,"['G', 'C', 'C', 'S', 'R', 'P', 'P', 'C', 'A', 'L', 'S', 'N', 'P', 'D', 'Y', 'C', '<EOS>', '<PAD>', '<PAD>', '<PAD>', '<PAD>', '<PAD>', '<PAD>', '<PAD>', '<PAD>', '<PAD>', '<PAD>', '<PAD>', '<PAD>', '<PAD>', '<PAD>']"
CP08313,GCCSVPPCIANHPELCV,GCCSVPPCIANHPELCV,17,G C C S V P P C I A N H P E L C V <EOS> <PAD> <PAD> <PAD> <PAD> <PAD> <PAD> <PAD> <PAD> <PAD> <PAD> <PAD> <PAD> <PAD>,"['G', 'C', 'C', 'S', 'V', 'P', 'P', 'C', 'I', 'A', 'N', 'H', 'P', 'E', 'L', 'C', 'V', '<EOS>', '<PAD>', '<PAD>', '<PAD>', '<PAD>', '<PAD>', '<PAD>', '<PAD>', '<PAD>', '<PAD>', '<PAD>', '<PAD>', '<PAD>', '<PAD>']"
CP07016,GCCSYPPCFATNPDCAGAGA,GCCSYPPCFATNPDCAGAGA,20,G C C S Y P P C F A T N P D C A G A G A <EOS> <PAD> <PAD> <PAD> <PAD> <PAD> <PAD> <PAD> <PAD> <PAD> <PAD>,"['G', 'C', 'C', 'S', 'Y', 'P', 'P', 'C', 'F', 'A', 'T', 'N', 'P', 'D', 'C', 'A', 'G', 'A', 'G', 'A', '<EOS>', '<PAD>', '<PAD>', '<PAD>', '<PAD>', '<PAD>', '<PAD>', '<PAD>', '<PAD>', '<PAD>', '<PAD>']"
CP07018,GCCSYPPCFATNPDCGGAAAGG,GCCSYPPCFATNPDCGGAAAGG,22,G C C S Y P P C F A T N P D C G G A A A G G <EOS> <PAD> <PAD> <PAD> <PAD> <PAD> <PAD> <PAD> <PAD>,"['G', 'C', 'C', 'S', 'Y', 'P', 'P', 'C', 'F', 'A', 'T', 'N', 'P', 'D', 'C', 'G', 'G', 'A', 'A', 'A', 'G', 'G', '<EOS>', '<PAD>', '<PAD>', '<PAD>', '<PAD>', '<PAD>', '<PAD>', '<PAD>', '<PAD>']"
CP06314,GCCSYPPCNVSYPEICG,GCCSYPPCNVSYPEICG,17,G C C S Y P P C N V S Y P E I C G <EOS> <PAD> <PAD> <PAD> <PAD> <PAD> <PAD> <PAD> <PAD> <PAD> <PAD> <PAD> <PAD> <PAD>,"['G', 'C', 'C', 'S', 'Y', 'P', 'P', 'C', 'N', 'V', 'S', 'Y', 'P', 'E', 'I', 'C', 'G', '<EOS>', '<PAD>', '<PAD>', '<PAD>', '<PAD>', '<PAD>', '<PAD>', '<PAD>', '<PAD>', '<PAD>', '<PAD>', '<PAD>', '<PAD>', '<PAD>']"
CP08177,GCCTACHIPPCTCC,GCCTACHIPPCTCC,14,G C C T A C H I P P C T C C <EOS> <PAD> <PAD> <PAD> <PAD> <PAD> <PAD> <PAD> <PAD> <PAD> <PAD> <PAD> <PAD> <PAD> <PAD> <PAD> <PAD>,"['G', 'C', 'C', 'T', 'A', 'C', 'H', 'I', 'P', 'P', 'C', 'T', 'C', 'C', '<EOS>', '<PAD>', '<PAD>', '<PAD>', '<PAD>', '<PAD>', '<PAD>', '<PAD>', '<PAD>', '<PAD>', '<PAD>', '<PAD>', '<PAD>', '<PAD>', '<PAD>', '<PAD>', '<PAD>']"
CP08179,GCCTGQGCWNVPICECC,GCCTGQGCWNVPICECC,17,G C C T G Q G C W N V P I C E C C <EOS> <PAD> <PAD> <PAD> <PAD> <PAD> <PAD> <PAD> <PAD> <PAD> <PAD> <PAD> <PAD> <PAD>,"['G', 'C', 'C', 'T', 'G', 'Q', 'G', 'C', 'W', 'N', 'V', 'P', 'I', 'C', 'E', 'C', 'C', '<EOS>', '<PAD>', '<PAD>', '<PAD>', '<PAD>', '<PAD>', '<PAD>', '<PAD>', '<PAD>', '<PAD>', '<PAD>', '<PAD>', '<PAD>', '<PAD>']"
CP07316,GCCTPPRKCKDRACKPARCCGP,GCCTPPRKCKDRACKPARCCGP,22,G C C T P P R K C K D R A C K P A R C C G P <EOS> <PAD> <PAD> <PAD> <PAD> <PAD> <PAD> <PAD> <PAD>,"['G', 'C', 'C', 'T', 'P', 'P', 'R', 'K', 'C', 'K', 'D', 'R', 'A', 'C', 'K', 'P', 'A', 'R', 'C', 'C', 'G', 'P', '<EOS>', '<PAD>', '<PAD>', '<PAD>', '<PAD>', '<PAD>', '<PAD>', '<PAD>', '<PAD>']"
CP07178,GCCTYPPCAVLSPLCD,GCCTYPPCAVLSPLCD,16,G C C T Y P P C A V L S P L C D <EOS> <PAD> <PAD> <PAD> <PAD> <PAD> <PAD> <PAD> <PAD> <PAD> <PAD> <PAD> <PAD> <PAD> <PAD>,"['G', 'C', 'C', 'T', 'Y', 'P', 'P', 'C', 'A', 'V', 'L', 'S', 'P', 'L', 'C', 'D', '<EOS>', '<PAD>', '<PAD>', '<PAD>', '<PAD>', '<PAD>', '<PAD>', '<PAD>', '<PAD>', '<PAD>', '<PAD>', '<PAD>', '<PAD>', '<PAD>', '<PAD>']"
CP07381,GCCVYPPCAVNHPDICRG,GCCVYPPCAVNHPDICRG,18,G C C V Y P P C A V N H P D I C R G <EOS> <PAD> <PAD> <PAD> <PAD> <PAD> <PAD> <PAD> <PAD> <PAD> <PAD> <PAD> <PAD>,"['G', 'C', 'C', 'V', 'Y', 'P', 'P', 'C', 'A', 'V', 'N', 'H', 'P', 'D', 'I', 'C', 'R', 'G', '<EOS>', '<PAD>', '<PAD>', '<PAD>', '<PAD>', '<PAD>', '<PAD>', '<PAD>', '<PAD>', '<PAD>', '<PAD>', '<PAD>', '<PAD>']"
CP06748,GCDPKWTICNNDAECCFPYSCENSNCQ,GCDPKWTICNNDAECCFPYSCENSNCQ,27,G C D P K W T I C N N D A E C C F P Y S C E N S N C Q <EOS> <PAD> <PAD> <PAD>,"['G', 'C', 'D', 'P', 'K', 'W', 'T', 'I', 'C', 'N', 'N', 'D', 'A', 'E', 'C', 'C', 'F', 'P', 'Y', 'S', 'C', 'E', 'N', 'S', 'N', 'C', 'Q', '<EOS>', '<PAD>', '<PAD>', '<PAD>']"
CP08133,GCFPSGSFCGLPKLAMQCCSGVCAFVCV,GCFPSGSFCGLPKLAMQCCSGVCAFVCV,28,G C F P S G S F C G L P K L A M Q C C S G V C A F V C V <EOS> <PAD> <PAD>,"['G', 'C', 'F', 'P', 'S', 'G', 'S', 'F', 'C', 'G', 'L', 'P', 'K', 'L', 'A', 'M', 'Q', 'C', 'C', 'S', 'G', 'V', 'C', 'A', 'F', 'V', 'C', 'V', '<EOS>', '<PAD>', '<PAD>']"
CP05956,GCGGVCAYGESCPSSCNTCYSAQCTAQ,GCGGVCAYGESCPSSCNTCYSAQCTAQ,27,G C G G V C A Y G E S C P S S C N T C Y S A Q C T A Q <EOS> <PAD> <PAD> <PAD>,"['G', 'C', 'G', 'G', 'V', 'C', 'A', 'Y', 'G', 'E', 'S', 'C', 'P', 'S', 'S', 'C', 'N', 'T', 'C', 'Y', 'S', 'A', 'Q', 'C', 'T', 'A', 'Q', '<EOS>', '<PAD>', '<PAD>', '<PAD>']"
CP05193,GCIEGSPVCFPD,GCIEGSPVCFPD,12,G C I E G S P V C F P D <EOS> <PAD> <PAD> <PAD> <PAD> <PAD> <PAD> <PAD> <PAD> <PAD> <PAD> <PAD> <PAD> <PAD> <PAD> <PAD> <PAD> <PAD> <PAD>,"['G', 'C', 'I', 'E', 'G', 'S', 'P', 'V', 'C', 'F', 'P', 'D', '<EOS>', '<PAD>', '<PAD>', '<PAD>', '<PAD>', '<PAD>', '<PAD>', '<PAD>', '<PAD>', '<PAD>', '<PAD>', '<PAD>', '<PAD>', '<PAD>', '<PAD>', '<PAD>', '<PAD>', '<PAD>', '<PAD>']"
CP08879;CP08896;CP09196,GCLDPGYFCGTPFLGAYCCGGICLIVCIET,GCLDPGYFCGTPFLGAYCCGGICLIVCIET,30,G C L D P G Y F C G T P F L G A Y C C G G I C L I V C I E T <EOS>,"['G', 'C', 'L', 'D', 'P', 'G', 'Y', 'F', 'C', 'G', 'T', 'P', 'F', 'L', 'G', 'A', 'Y', 'C', 'C', 'G', 'G', 'I', 'C', 'L', 'I', 'V', 'C', 'I', 'E', 'T', '<EOS>']"
CP06159,GCLPDEYFCGFSMIGALLCCSGWCLGICMT,GCLPDEYFCGFSMIGALLCCSGWCLGICMT,30,G C L P D E Y F C G F S M I G A L L C C S G W C L G I C M T <EOS>,"['G', 'C', 'L', 'P', 'D', 'E', 'Y', 'F', 'C', 'G', 'F', 'S', 'M', 'I', 'G', 'A', 'L', 'L', 'C', 'C', 'S', 'G', 'W', 'C', 'L', 'G', 'I', 'C', 'M', 'T', '<EOS>']"
CP05611,GCLPICGETCFKTKCYTKGCSCSYPICKKN,GCLPICGETCFKTKCYTKGCSCSYPICKKN,30,G C L P I C G E T C F K T K C Y T K G C S C S Y P I C K K N <EOS>,"['G', 'C', 'L', 'P', 'I', 'C', 'G', 'E', 'T', 'C', 'F', 'K', 'T', 'K', 'C', 'Y', 'T', 'K', 'G', 'C', 'S', 'C', 'S', 'Y', 'P', 'I', 'C', 'K', 'K', 'N', '<EOS>']"
CP08180,GCMEDGDVCELGNHNCCSGSCLGFEDEGIC,GCMEDGDVCELGNHNCCSGSCLGFEDEGIC,30,G C M E D G D V C E L G N H N C C S G S C L G F E D E G I C <EOS>,"['G', 'C', 'M', 'E', 'D', 'G', 'D', 'V', 'C', 'E', 'L', 'G', 'N', 'H', 'N', 'C', 'C', 'S', 'G', 'S', 'C', 'L', 'G', 'F', 'E', 'D', 'E', 'G', 'I', 'C', '<EOS>']"
CP06967,GCPADCPNTCDSSNECSPNFP,GCPADCPNTCDSSNECSPNFP,21,G C P A D C P N T C D S S N E C S P N F P <EOS> <PAD> <PAD> <PAD> <PAD> <PAD> <PAD> <PAD> <PAD> <PAD>,"['G', 'C', 'P', 'A', 'D', 'C', 'P', 'N', 'T', 'C', 'D', 'S', 'S', 'N', 'E', 'C', 'S', 'P', 'N', 'F', 'P', '<EOS>', '<PAD>', '<PAD>', '<PAD>', '<PAD>', '<PAD>', '<PAD>', '<PAD>', '<PAD>', '<PAD>']"
CP06966,GCPAECPDTCSSSGSCAPDFI,GCPAECPDTCSSSGSCAPDFI,21,G C P A E C P D T C S S S G S C A P D F I <EOS> <PAD> <PAD> <PAD> <PAD> <PAD> <PAD> <PAD> <PAD> <PAD>,"['G', 'C', 'P', 'A', 'E', 'C', 'P', 'D', 'T', 'C', 'S', 'S', 'S', 'G', 'S', 'C', 'A', 'P', 'D', 'F', 'I', '<EOS>', '<PAD>', '<PAD>', '<PAD>', '<PAD>', '<PAD>', '<PAD>', '<PAD>', '<PAD>', '<PAD>']"
CP08175,GCPEDYPCKAGYVCDKGICRPLVIM,GCPEDYPCKAGYVCDKGICRPLVIM,25,G C P E D Y P C K A G Y V C D K G I C R P L V I M <EOS> <PAD> <PAD> <PAD> <PAD> <PAD>,"['G', 'C', 'P', 'E', 'D', 'Y', 'P', 'C', 'K', 'A', 'G', 'Y', 'V', 'C', 'D', 'K', 'G', 'I', 'C', 'R', 'P', 'L', 'V', 'I', 'M', '<EOS>', '<PAD>', '<PAD>', '<PAD>', '<PAD>', '<PAD>']"
CP07556,GCPPMCNPGCHNCS,GCPPMCNPGCHNCS,14,G C P P M C N P G C H N C S <EOS> <PAD> <PAD> <PAD> <PAD> <PAD> <PAD> <PAD> <PAD> <PAD> <PAD> <PAD> <PAD> <PAD> <PAD> <PAD> <PAD>,"['G', 'C', 'P', 'P', 'M', 'C', 'N', 'P', 'G', 'C', 'H', 'N', 'C', 'S', '<EOS>', '<PAD>', '<PAD>', '<PAD>', '<PAD>', '<PAD>', '<PAD>', '<PAD>', '<PAD>', '<PAD>', '<PAD>', '<PAD>', '<PAD>', '<PAD>', '<PAD>', '<PAD>', '<PAD>']"
CP03692,GCRALCYKQRCVTYCRGA,GCRALCYKQRCVTYCRGA,18,G C R A L C Y K Q R C V T Y C R G A <EOS> <PAD> <PAD> <PAD> <PAD> <PAD> <PAD> <PAD> <PAD> <PAD> <PAD> <PAD> <PAD>,"['G', 'C', 'R', 'A', 'L', 'C', 'Y', 'K', 'Q', 'R', 'C', 'V', 'T', 'Y', 'C', 'R', 'G', 'A', '<EOS>', '<PAD>', '<PAD>', '<PAD>', '<PAD>', '<PAD>', '<PAD>', '<PAD>', '<PAD>', '<PAD>', '<PAD>', '<PAD>', '<PAD>']"
CP06162,GCREGGEFCGTLYEERCCSGWCFFVCV,GCREGGEFCGTLYEERCCSGWCFFVCV,27,G C R E G G E F C G T L Y E E R C C S G W C F F V C V <EOS> <PAD> <PAD> <PAD>,"['G', 'C', 'R', 'E', 'G', 'G', 'E', 'F', 'C', 'G', 'T', 'L', 'Y', 'E', 'E', 'R', 'C', 'C', 'S', 'G', 'W', 'C', 'F', 'F', 'V', 'C', 'V', '<EOS>', '<PAD>', '<PAD>', '<PAD>']"
CP03493,GCRFCCNCCPNMSGCGVCCRF,GCRFCCNCCPNMSGCGVCCRF,21,G C R F C C N C C P N M S G C G V C C R F <EOS> <PAD> <PAD> <PAD> <PAD> <PAD> <PAD> <PAD> <PAD> <PAD>,"['G', 'C', 'R', 'F', 'C', 'C', 'N', 'C', 'C', 'P', 'N', 'M', 'S', 'G', 'C', 'G', 'V', 'C', 'C', 'R', 'F', '<EOS>', '<PAD>', '<PAD>', '<PAD>', '<PAD>', '<PAD>', '<PAD>', '<PAD>', '<PAD>', '<PAD>']"
CP03688,GCRRLCWKQRCVTYCRGR,GCRRLCWKQRCVTYCRGR,18,G C R R L C W K Q R C V T Y C R G R <EOS> <PAD> <PAD> <PAD> <PAD> <PAD> <PAD> <PAD> <PAD> <PAD> <PAD> <PAD> <PAD>,"['G', 'C', 'R', 'R', 'L', 'C', 'W', 'K', 'Q', 'R', 'C', 'V', 'T', 'Y', 'C', 'R', 'G', 'R', '<EOS>', '<PAD>', '<PAD>', '<PAD>', '<PAD>', '<PAD>', '<PAD>', '<PAD>', '<PAD>', '<PAD>', '<PAD>', '<PAD>', '<PAD>']"
CP03691,GCRRLCWRQRCVTWCRGR,GCRRLCWRQRCVTWCRGR,18,G C R R L C W R Q R C V T W C R G R <EOS> <PAD> <PAD> <PAD> <PAD> <PAD> <PAD> <PAD> <PAD> <PAD> <PAD> <PAD> <PAD>,"['G', 'C', 'R', 'R', 'L', 'C', 'W', 'R', 'Q', 'R', 'C', 'V', 'T', 'W', 'C', 'R', 'G', 'R', '<EOS>', '<PAD>', '<PAD>', '<PAD>', '<PAD>', '<PAD>', '<PAD>', '<PAD>', '<PAD>', '<PAD>', '<PAD>', '<PAD>', '<PAD>']"
CP03689,GCRRLCYKQRCVTWCRGR,GCRRLCYKQRCVTWCRGR,18,G C R R L C Y K Q R C V T W C R G R <EOS> <PAD> <PAD> <PAD> <PAD> <PAD> <PAD> <PAD> <PAD> <PAD> <PAD> <PAD> <PAD>,"['G', 'C', 'R', 'R', 'L', 'C', 'Y', 'K', 'Q', 'R', 'C', 'V', 'T', 'W', 'C', 'R', 'G', 'R', '<EOS>', '<PAD>', '<PAD>', '<PAD>', '<PAD>', '<PAD>', '<PAD>', '<PAD>', '<PAD>', '<PAD>', '<PAD>', '<PAD>', '<PAD>']"
CP03696,GCRRLCYKQRCVTYCRGPPR,GCRRLCYKQRCVTYCRGPPR,20,G C R R L C Y K Q R C V T Y C R G P P R <EOS> <PAD> <PAD> <PAD> <PAD> <PAD> <PAD> <PAD> <PAD> <PAD> <PAD>,"['G', 'C', 'R', 'R', 'L', 'C', 'Y', 'K', 'Q', 'R', 'C', 'V', 'T', 'Y', 'C', 'R', 'G', 'P', 'P', 'R', '<EOS>', '<PAD>', '<PAD>', '<PAD>', '<PAD>', '<PAD>', '<PAD>', '<PAD>', '<PAD>', '<PAD>', '<PAD>']"
CP03690,GCRRLCYRQRCVTYCRGR,GCRRLCYRQRCVTYCRGR,18,G C R R L C Y R Q R C V T Y C R G R <EOS> <PAD> <PAD> <PAD> <PAD> <PAD> <PAD> <PAD> <PAD> <PAD> <PAD> <PAD> <PAD>,"['G', 'C', 'R', 'R', 'L', 'C', 'Y', 'R', 'Q', 'R', 'C', 'V', 'T', 'Y', 'C', 'R', 'G', 'R', '<EOS>', '<PAD>', '<PAD>', '<PAD>', '<PAD>', '<PAD>', '<PAD>', '<PAD>', '<PAD>', '<PAD>', '<PAD>', '<PAD>', '<PAD>']"
CP03695,GCRRWCYKQRCVTYCRGR,GCRRWCYKQRCVTYCRGR,18,G C R R W C Y K Q R C V T Y C R G R <EOS> <PAD> <PAD> <PAD> <PAD> <PAD> <PAD> <PAD> <PAD> <PAD> <PAD> <PAD> <PAD>,"['G', 'C', 'R', 'R', 'W', 'C', 'Y', 'K', 'Q', 'R', 'C', 'V', 'T', 'Y', 'C', 'R', 'G', 'R', '<EOS>', '<PAD>', '<PAD>', '<PAD>', '<PAD>', '<PAD>', '<PAD>', '<PAD>', '<PAD>', '<PAD>', '<PAD>', '<PAD>', '<PAD>']"
CP08140,GCSARNQRCPPNAAWVWCAVVSIHPDVFDI,GCSARNQRCPPNAAWVWCAVVSIHPDVFDI,30,G C S A R N Q R C P P N A A W V W C A V V S I H P D V F D I <EOS>,"['G', 'C', 'S', 'A', 'R', 'N', 'Q', 'R', 'C', 'P', 'P', 'N', 'A', 'A', 'W', 'V', 'W', 'C', 'A', 'V', 'V', 'S', 'I', 'H', 'P', 'D', 'V', 'F', 'D', 'I', '<EOS>']"
CP08142,GCSARNQRCPPQCCMGLVCGREYPPRCV,GCSARNQRCPPQCCMGLVCGREYPPRCV,28,G C S A R N Q R C P P Q C C M G L V C G R E Y P P R C V <EOS> <PAD> <PAD>,"['G', 'C', 'S', 'A', 'R', 'N', 'Q', 'R', 'C', 'P', 'P', 'Q', 'C', 'C', 'M', 'G', 'L', 'V', 'C', 'G', 'R', 'E', 'Y', 'P', 'P', 'R', 'C', 'V', '<EOS>', '<PAD>', '<PAD>']"
CP07655,GCSMYCWKCFPCCPN,GCSMYCWKCFPCCPN,15,G C S M Y C W K C F P C C P N <EOS> <PAD> <PAD> <PAD> <PAD> <PAD> <PAD> <PAD> <PAD> <PAD> <PAD> <PAD> <PAD> <PAD> <PAD> <PAD>,"['G', 'C', 'S', 'M', 'Y', 'C', 'W', 'K', 'C', 'F', 'P', 'C', 'C', 'P', 'N', '<EOS>', '<PAD>', '<PAD>', '<PAD>', '<PAD>', '<PAD>', '<PAD>', '<PAD>', '<PAD>', '<PAD>', '<PAD>', '<PAD>', '<PAD>', '<PAD>', '<PAD>', '<PAD>']"
CP06824,GCTHPGGACGGHHHCCSLFCNTAANACN,GCTHPGGACGGHHHCCSLFCNTAANACN,28,G C T H P G G A C G G H H H C C S L F C N T A A N A C N <EOS> <PAD> <PAD>,"['G', 'C', 'T', 'H', 'P', 'G', 'G', 'A', 'C', 'G', 'G', 'H', 'H', 'H', 'C', 'C', 'S', 'L', 'F', 'C', 'N', 'T', 'A', 'A', 'N', 'A', 'C', 'N', '<EOS>', '<PAD>', '<PAD>']"
CP06493,GCTPPGGACGGHAHCCSQSCDILASTCNA,GCTPPGGACGGHAHCCSQSCDILASTCNA,29,G C T P P G G A C G G H A H C C S Q S C D I L A S T C N A <EOS> <PAD>,"['G', 'C', 'T', 'P', 'P', 'G', 'G', 'A', 'C', 'G', 'G', 'H', 'A', 'H', 'C', 'C', 'S', 'Q', 'S', 'C', 'D', 'I', 'L', 'A', 'S', 'T', 'C', 'N', 'A', '<EOS>', '<PAD>']"
CP08188,GCTPPGGACGYHGHCCDFCDTFGNLC,GCTPPGGACGYHGHCCDFCDTFGNLC,26,G C T P P G G A C G Y H G H C C D F C D T F G N L C <EOS> <PAD> <PAD> <PAD> <PAD>,"['G', 'C', 'T', 'P', 'P', 'G', 'G', 'A', 'C', 'G', 'Y', 'H', 'G', 'H', 'C', 'C', 'D', 'F', 'C', 'D', 'T', 'F', 'G', 'N', 'L', 'C', '<EOS>', '<PAD>', '<PAD>', '<PAD>', '<PAD>']"
CP06480,GCTPRNGACGYHSHCCSNFCHTWANVCL,GCTPRNGACGYHSHCCSNFCHTWANVCL,28,G C T P R N G A C G Y H S H C C S N F C H T W A N V C L <EOS> <PAD> <PAD>,"['G', 'C', 'T', 'P', 'R', 'N', 'G', 'A', 'C', 'G', 'Y', 'H', 'S', 'H', 'C', 'C', 'S', 'N', 'F', 'C', 'H', 'T', 'W', 'A', 'N', 'V', 'C', 'L', '<EOS>', '<PAD>', '<PAD>']"
CP06165,GCTPRNGFCRYHSDCCSNFCHTWAIMCL,GCTPRNGFCRYHSDCCSNFCHTWAIMCL,28,G C T P R N G F C R Y H S D C C S N F C H T W A I M C L <EOS> <PAD> <PAD>,"['G', 'C', 'T', 'P', 'R', 'N', 'G', 'F', 'C', 'R', 'Y', 'H', 'S', 'D', 'C', 'C', 'S', 'N', 'F', 'C', 'H', 'T', 'W', 'A', 'I', 'M', 'C', 'L', '<EOS>', '<PAD>', '<PAD>']"
CP06970,GCVANCQANQTGIDCIKYCGIGI,GCVANCQANQTGIDCIKYCGIGI,23,G C V A N C Q A N Q T G I D C I K Y C G I G I <EOS> <PAD> <PAD> <PAD> <PAD> <PAD> <PAD> <PAD>,"['G', 'C', 'V', 'A', 'N', 'C', 'Q', 'A', 'N', 'Q', 'T', 'G', 'I', 'D', 'C', 'I', 'K', 'Y', 'C', 'G', 'I', 'G', 'I', '<EOS>', '<PAD>', '<PAD>', '<PAD>', '<PAD>', '<PAD>', '<PAD>', '<PAD>']"
CP02207,GCWIAGCAGCGFVCAT,GCWIAGCAGCGFVCAT,16,G C W I A G C A G C G F V C A T <EOS> <PAD> <PAD> <PAD> <PAD> <PAD> <PAD> <PAD> <PAD> <PAD> <PAD> <PAD> <PAD> <PAD> <PAD>,"['G', 'C', 'W', 'I', 'A', 'G', 'C', 'A', 'G', 'C', 'G', 'F', 'V', 'C', 'A', 'T', '<EOS>', '<PAD>', '<PAD>', '<PAD>', '<PAD>', '<PAD>', '<PAD>', '<PAD>', '<PAD>', '<PAD>', '<PAD>', '<PAD>', '<PAD>', '<PAD>', '<PAD>']"
CP07234,GCWICWGPNACCRGSVCHDYCPS,GCWICWGPNACCRGSVCHDYCPS,23,G C W I C W G P N A C C R G S V C H D Y C P S <EOS> <PAD> <PAD> <PAD> <PAD> <PAD> <PAD> <PAD>,"['G', 'C', 'W', 'I', 'C', 'W', 'G', 'P', 'N', 'A', 'C', 'C', 'R', 'G', 'S', 'V', 'C', 'H', 'D', 'Y', 'C', 'P', 'S', '<EOS>', '<PAD>', '<PAD>', '<PAD>', '<PAD>', '<PAD>', '<PAD>', '<PAD>']"
CP06990,GCWLCLGPNACCRGSVCHDYCPR,GCWLCLGPNACCRGSVCHDYCPR,23,G C W L C L G P N A C C R G S V C H D Y C P R <EOS> <PAD> <PAD> <PAD> <PAD> <PAD> <PAD> <PAD>,"['G', 'C', 'W', 'L', 'C', 'L', 'G', 'P', 'N', 'A', 'C', 'C', 'R', 'G', 'S', 'V', 'C', 'H', 'D', 'Y', 'C', 'P', 'R', '<EOS>', '<PAD>', '<PAD>', '<PAD>', '<PAD>', '<PAD>', '<PAD>', '<PAD>']"
CP05772,GDACGDTCVFFGCDDPGCTCGVLSICYRN,GDACGDTCVFFGCDDPGCTCGVLSICYRN,29,G D A C G D T C V F F G C D D P G C T C G V L S I C Y R N <EOS> <PAD>,"['G', 'D', 'A', 'C', 'G', 'D', 'T', 'C', 'V', 'F', 'F', 'G', 'C', 'D', 'D', 'P', 'G', 'C', 'T', 'C', 'G', 'V', 'L', 'S', 'I', 'C', 'Y', 'R', 'N', '<EOS>', '<PAD>']"
CP05610,GDALKCGETCFGGTCYTPGCSCDYPICKKN,GDALKCGETCFGGTCYTPGCSCDYPICKKN,30,G D A L K C G E T C F G G T C Y T P G C S C D Y P I C K K N <EOS>,"['G', 'D', 'A', 'L', 'K', 'C', 'G', 'E', 'T', 'C', 'F', 'G', 'G', 'T', 'C', 'Y', 'T', 'P', 'G', 'C', 'S', 'C', 'D', 'Y', 'P', 'I', 'C', 'K', 'K', 'N', '<EOS>']"
CP08573,GDCPPWCVGARCRAEKC,GDCPPWCVGARCRAEKC,17,G D C P P W C V G A R C R A E K C <EOS> <PAD> <PAD> <PAD> <PAD> <PAD> <PAD> <PAD> <PAD> <PAD> <PAD> <PAD> <PAD> <PAD>,"['G', 'D', 'C', 'P', 'P', 'W', 'C', 'V', 'G', 'A', 'R', 'C', 'R', 'A', 'E', 'K', 'C', '<EOS>', '<PAD>', '<PAD>', '<PAD>', '<PAD>', '<PAD>', '<PAD>', '<PAD>', '<PAD>', '<PAD>', '<PAD>', '<PAD>', '<PAD>', '<PAD>']"
CP05365,GDLFKCGETCFGGTCYTPGCSCDYPICKNN,GDLFKCGETCFGGTCYTPGCSCDYPICKNN,30,G D L F K C G E T C F G G T C Y T P G C S C D Y P I C K N N <EOS>,"['G', 'D', 'L', 'F', 'K', 'C', 'G', 'E', 'T', 'C', 'F', 'G', 'G', 'T', 'C', 'Y', 'T', 'P', 'G', 'C', 'S', 'C', 'D', 'Y', 'P', 'I', 'C', 'K', 'N', 'N', '<EOS>']"
CP04112;CP04113;CP05447,GDLPICGETCFGGTCNTPGCVCAWPVCNR,GDLPICGETCFGGTCNTPGCVCAWPVCNR,29,G D L P I C G E T C F G G T C N T P G C V C A W P V C N R <EOS> <PAD>,"['G', 'D', 'L', 'P', 'I', 'C', 'G', 'E', 'T', 'C', 'F', 'G', 'G', 'T', 'C', 'N', 'T', 'P', 'G', 'C', 'V', 'C', 'A', 'W', 'P', 'V', 'C', 'N', 'R', '<EOS>', '<PAD>']"
CP04939,GDPFKCGESCFAGKCYTPGCTCEYPICMNN,GDPFKCGESCFAGKCYTPGCTCEYPICMNN,30,G D P F K C G E S C F A G K C Y T P G C T C E Y P I C M N N <EOS>,"['G', 'D', 'P', 'F', 'K', 'C', 'G', 'E', 'S', 'C', 'F', 'A', 'G', 'K', 'C', 'Y', 'T', 'P', 'G', 'C', 'T', 'C', 'E', 'Y', 'P', 'I', 'C', 'M', 'N', 'N', '<EOS>']"
CP05618,GDPFKCGESCFAGKCYTPGCTCSRPICKKN,GDPFKCGESCFAGKCYTPGCTCSRPICKKN,30,G D P F K C G E S C F A G K C Y T P G C T C S R P I C K K N <EOS>,"['G', 'D', 'P', 'F', 'K', 'C', 'G', 'E', 'S', 'C', 'F', 'A', 'G', 'K', 'C', 'Y', 'T', 'P', 'G', 'C', 'T', 'C', 'S', 'R', 'P', 'I', 'C', 'K', 'K', 'N', '<EOS>']"
CP05356,GDTCYETCFTGFCFIGGCKCDFPVCVKN,GDTCYETCFTGFCFIGGCKCDFPVCVKN,28,G D T C Y E T C F T G F C F I G G C K C D F P V C V K N <EOS> <PAD> <PAD>,"['G', 'D', 'T', 'C', 'Y', 'E', 'T', 'C', 'F', 'T', 'G', 'F', 'C', 'F', 'I', 'G', 'G', 'C', 'K', 'C', 'D', 'F', 'P', 'V', 'C', 'V', 'K', 'N', '<EOS>', '<PAD>', '<PAD>']"
CP04226,GDTGIQAVLHTAGCYGGTKMCRA,GDTGIQAVLHTAGCYGGTKMCRA,23,G D T G I Q A V L H T A G C Y G G T K M C R A <EOS> <PAD> <PAD> <PAD> <PAD> <PAD> <PAD> <PAD>,"['G', 'D', 'T', 'G', 'I', 'Q', 'A', 'V', 'L', 'H', 'T', 'A', 'G', 'C', 'Y', 'G', 'G', 'T', 'K', 'M', 'C', 'R', 'A', '<EOS>', '<PAD>', '<PAD>', '<PAD>', '<PAD>', '<PAD>', '<PAD>', '<PAD>']"
CP06987,GECDGKKDCITNDDCTGCLCSDFGSYRKCA,GECDGKKDCITNDDCTGCLCSDFGSYRKCA,30,G E C D G K K D C I T N D D C T G C L C S D F G S Y R K C A <EOS>,"['G', 'E', 'C', 'D', 'G', 'K', 'K', 'D', 'C', 'I', 'T', 'N', 'D', 'D', 'C', 'T', 'G', 'C', 'L', 'C', 'S', 'D', 'F', 'G', 'S', 'Y', 'R', 'K', 'C', 'A', '<EOS>']"
CP02899,GEIPCGESCVYLPCFLPNCYCRNHVCYLN,GEIPCGESCVYLPCFLPNCYCRNHVCYLN,29,G E I P C G E S C V Y L P C F L P N C Y C R N H V C Y L N <EOS> <PAD>,"['G', 'E', 'I', 'P', 'C', 'G', 'E', 'S', 'C', 'V', 'Y', 'L', 'P', 'C', 'F', 'L', 'P', 'N', 'C', 'Y', 'C', 'R', 'N', 'H', 'V', 'C', 'Y', 'L', 'N', '<EOS>', '<PAD>']"
CP05352,GEPVCGDSCVFFGCDDEGCTCGPWSLCYRN,GEPVCGDSCVFFGCDDEGCTCGPWSLCYRN,30,G E P V C G D S C V F F G C D D E G C T C G P W S L C Y R N <EOS>,"['G', 'E', 'P', 'V', 'C', 'G', 'D', 'S', 'C', 'V', 'F', 'F', 'G', 'C', 'D', 'D', 'E', 'G', 'C', 'T', 'C', 'G', 'P', 'W', 'S', 'L', 'C', 'Y', 'R', 'N', '<EOS>']"
CP02980;CP05316,GEYCGESCYLIPCFTPGCYCVSRQCVNKN,GEYCGESCYLIPCFTPGCYCVSRQCVNKN,29,G E Y C G E S C Y L I P C F T P G C Y C V S R Q C V N K N <EOS> <PAD>,"['G', 'E', 'Y', 'C', 'G', 'E', 'S', 'C', 'Y', 'L', 'I', 'P', 'C', 'F', 'T', 'P', 'G', 'C', 'Y', 'C', 'V', 'S', 'R', 'Q', 'C', 'V', 'N', 'K', 'N', '<EOS>', '<PAD>']"
CP05354,GFACGETCIFTSCFITGCTCNSSLCFRN,GFACGETCIFTSCFITGCTCNSSLCFRN,28,G F A C G E T C I F T S C F I T G C T C N S S L C F R N <EOS> <PAD> <PAD>,"['G', 'F', 'A', 'C', 'G', 'E', 'T', 'C', 'I', 'F', 'T', 'S', 'C', 'F', 'I', 'T', 'G', 'C', 'T', 'C', 'N', 'S', 'S', 'L', 'C', 'F', 'R', 'N', '<EOS>', '<PAD>', '<PAD>']"
CP03928;CP03929,GFAWNVCVYRNGVRVCHRRAN,GFAWNVCVYRNGVRVCHRRAN,21,G F A W N V C V Y R N G V R V C H R R A N <EOS> <PAD> <PAD> <PAD> <PAD> <PAD> <PAD> <PAD> <PAD> <PAD>,"['G', 'F', 'A', 'W', 'N', 'V', 'C', 'V', 'Y', 'R', 'N', 'G', 'V', 'R', 'V', 'C', 'H', 'R', 'R', 'A', 'N', '<EOS>', '<PAD>', '<PAD>', '<PAD>', '<PAD>', '<PAD>', '<PAD>', '<PAD>', '<PAD>', '<PAD>']"
CP02822,GFCRCICTRGFCRCICTR,GFCRCICTRGFCRCICTR,18,G F C R C I C T R G F C R C I C T R <EOS> <PAD> <PAD> <PAD> <PAD> <PAD> <PAD> <PAD> <PAD> <PAD> <PAD> <PAD> <PAD>,"['G', 'F', 'C', 'R', 'C', 'I', 'C', 'T', 'R', 'G', 'F', 'C', 'R', 'C', 'I', 'C', 'T', 'R', '<EOS>', '<PAD>', '<PAD>', '<PAD>', '<PAD>', '<PAD>', '<PAD>', '<PAD>', '<PAD>', '<PAD>', '<PAD>', '<PAD>', '<PAD>']"
CP03666,GFGSKPIDSFGLSWL,GFGSKPIDSFGLSWL,15,G F G S K P I D S F G L S W L <EOS> <PAD> <PAD> <PAD> <PAD> <PAD> <PAD> <PAD> <PAD> <PAD> <PAD> <PAD> <PAD> <PAD> <PAD> <PAD>,"['G', 'F', 'G', 'S', 'K', 'P', 'I', 'D', 'S', 'F', 'G', 'L', 'S', 'W', 'L', '<EOS>', '<PAD>', '<PAD>', '<PAD>', '<PAD>', '<PAD>', '<PAD>', '<PAD>', '<PAD>', '<PAD>', '<PAD>', '<PAD>', '<PAD>', '<PAD>', '<PAD>', '<PAD>']"
CP05674,GFHCRESCRHTRCSICSCSKDKYCMRN,GFHCRESCRHTRCSICSCSKDKYCMRN,27,G F H C R E S C R H T R C S I C S C S K D K Y C M R N <EOS> <PAD> <PAD> <PAD>,"['G', 'F', 'H', 'C', 'R', 'E', 'S', 'C', 'R', 'H', 'T', 'R', 'C', 'S', 'I', 'C', 'S', 'C', 'S', 'K', 'D', 'K', 'Y', 'C', 'M', 'R', 'N', '<EOS>', '<PAD>', '<PAD>', '<PAD>']"
CP04938,GFICGESCVYIPCITALLGCSCSNQICSKN,GFICGESCVYIPCITALLGCSCSNQICSKN,30,G F I C G E S C V Y I P C I T A L L G C S C S N Q I C S K N <EOS>,"['G', 'F', 'I', 'C', 'G', 'E', 'S', 'C', 'V', 'Y', 'I', 'P', 'C', 'I', 'T', 'A', 'L', 'L', 'G', 'C', 'S', 'C', 'S', 'N', 'Q', 'I', 'C', 'S', 'K', 'N', '<EOS>']"
CP01042,GFIGWGNNIFGAYSGDF,GFIGWGNNIFGAYSGDF,17,G F I G W G N N I F G A Y S G D F <EOS> <PAD> <PAD> <PAD> <PAD> <PAD> <PAD> <PAD> <PAD> <PAD> <PAD> <PAD> <PAD> <PAD>,"['G', 'F', 'I', 'G', 'W', 'G', 'N', 'N', 'I', 'F', 'G', 'A', 'Y', 'S', 'G', 'D', 'F', '<EOS>', '<PAD>', '<PAD>', '<PAD>', '<PAD>', '<PAD>', '<PAD>', '<PAD>', '<PAD>', '<PAD>', '<PAD>', '<PAD>', '<PAD>', '<PAD>']"
CP07728,GFILHALWHVQCCSWLWCDGGCDCCE,GFILHALWHVQCCSWLWCDGGCDCCE,26,G F I L H A L W H V Q C C S W L W C D G G C D C C E <EOS> <PAD> <PAD> <PAD> <PAD>,"['G', 'F', 'I', 'L', 'H', 'A', 'L', 'W', 'H', 'V', 'Q', 'C', 'C', 'S', 'W', 'L', 'W', 'C', 'D', 'G', 'G', 'C', 'D', 'C', 'C', 'E', '<EOS>', '<PAD>', '<PAD>', '<PAD>', '<PAD>']"
CP05122,GFIPCGETCIWDKTCHGCSCSVANICVRN,GFIPCGETCIWDKTCHGCSCSVANICVRN,29,G F I P C G E T C I W D K T C H G C S C S V A N I C V R N <EOS> <PAD>,"['G', 'F', 'I', 'P', 'C', 'G', 'E', 'T', 'C', 'I', 'W', 'D', 'K', 'T', 'C', 'H', 'G', 'C', 'S', 'C', 'S', 'V', 'A', 'N', 'I', 'C', 'V', 'R', 'N', '<EOS>', '<PAD>']"
CP05684,GFLQSCGEGCFFKPCTKPGCTCLADLCVTN,GFLQSCGEGCFFKPCTKPGCTCLADLCVTN,30,G F L Q S C G E G C F F K P C T K P G C T C L A D L C V T N <EOS>,"['G', 'F', 'L', 'Q', 'S', 'C', 'G', 'E', 'G', 'C', 'F', 'F', 'K', 'P', 'C', 'T', 'K', 'P', 'G', 'C', 'T', 'C', 'L', 'A', 'D', 'L', 'C', 'V', 'T', 'N', '<EOS>']"
CP03274,GFMATAKNVAKNMDVTLLDNLKCKITKAC,GFMATAKNVAKNMDVTLLDNLKCKITKAC,29,G F M A T A K N V A K N M D V T L L D N L K C K I T K A C <EOS> <PAD>,"['G', 'F', 'M', 'A', 'T', 'A', 'K', 'N', 'V', 'A', 'K', 'N', 'M', 'D', 'V', 'T', 'L', 'L', 'D', 'N', 'L', 'K', 'C', 'K', 'I', 'T', 'K', 'A', 'C', '<EOS>', '<PAD>']"
CP03266,GFMDTAKNKNVAVTLLDNLKCKITKAC,GFMDTAKNKNVAVTLLDNLKCKITKAC,27,G F M D T A K N K N V A V T L L D N L K C K I T K A C <EOS> <PAD> <PAD> <PAD>,"['G', 'F', 'M', 'D', 'T', 'A', 'K', 'N', 'K', 'N', 'V', 'A', 'V', 'T', 'L', 'L', 'D', 'N', 'L', 'K', 'C', 'K', 'I', 'T', 'K', 'A', 'C', '<EOS>', '<PAD>', '<PAD>', '<PAD>']"
CP03273,GFMDTAKNVAKNEAGNLLDNLKCKITKAC,GFMDTAKNVAKNEAGNLLDNLKCKITKAC,29,G F M D T A K N V A K N E A G N L L D N L K C K I T K A C <EOS> <PAD>,"['G', 'F', 'M', 'D', 'T', 'A', 'K', 'N', 'V', 'A', 'K', 'N', 'E', 'A', 'G', 'N', 'L', 'L', 'D', 'N', 'L', 'K', 'C', 'K', 'I', 'T', 'K', 'A', 'C', '<EOS>', '<PAD>']"
CP03228,GFMDTAKNVAKNVAVTLIDKLRCKVTGGC,GFMDTAKNVAKNVAVTLIDKLRCKVTGGC,29,G F M D T A K N V A K N V A V T L I D K L R C K V T G G C <EOS> <PAD>,"['G', 'F', 'M', 'D', 'T', 'A', 'K', 'N', 'V', 'A', 'K', 'N', 'V', 'A', 'V', 'T', 'L', 'I', 'D', 'K', 'L', 'R', 'C', 'K', 'V', 'T', 'G', 'G', 'C', '<EOS>', '<PAD>']"
CP03239,GFMDTAKNVAKNVAVTLLDKLKCKITGGC,GFMDTAKNVAKNVAVTLLDKLKCKITGGC,29,G F M D T A K N V A K N V A V T L L D K L K C K I T G G C <EOS> <PAD>,"['G', 'F', 'M', 'D', 'T', 'A', 'K', 'N', 'V', 'A', 'K', 'N', 'V', 'A', 'V', 'T', 'L', 'L', 'D', 'K', 'L', 'K', 'C', 'K', 'I', 'T', 'G', 'G', 'C', '<EOS>', '<PAD>']"
CP04951,GFNSCSEACVYLPCFSKGCSCFKRQCYKN,GFNSCSEACVYLPCFSKGCSCFKRQCYKN,29,G F N S C S E A C V Y L P C F S K G C S C F K R Q C Y K N <EOS> <PAD>,"['G', 'F', 'N', 'S', 'C', 'S', 'E', 'A', 'C', 'V', 'Y', 'L', 'P', 'C', 'F', 'S', 'K', 'G', 'C', 'S', 'C', 'F', 'K', 'R', 'Q', 'C', 'Y', 'K', 'N', '<EOS>', '<PAD>']"
CP05480,GFPCGESCVYVPCLTIGCSCKNKVCYKN,GFPCGESCVYVPCLTIGCSCKNKVCYKN,28,G F P C G E S C V Y V P C L T I G C S C K N K V C Y K N <EOS> <PAD> <PAD>,"['G', 'F', 'P', 'C', 'G', 'E', 'S', 'C', 'V', 'Y', 'V', 'P', 'C', 'L', 'T', 'I', 'G', 'C', 'S', 'C', 'K', 'N', 'K', 'V', 'C', 'Y', 'K', 'N', '<EOS>', '<PAD>', '<PAD>']"
CP04967,GFPICGETCFKTKCYTPGCSCSYPVCKKN,GFPICGETCFKTKCYTPGCSCSYPVCKKN,29,G F P I C G E T C F K T K C Y T P G C S C S Y P V C K K N <EOS> <PAD>,"['G', 'F', 'P', 'I', 'C', 'G', 'E', 'T', 'C', 'F', 'K', 'T', 'K', 'C', 'Y', 'T', 'P', 'G', 'C', 'S', 'C', 'S', 'Y', 'P', 'V', 'C', 'K', 'K', 'N', '<EOS>', '<PAD>']"
CP04072;CP05423,GFPTCGETCTLGTCNTPGCTCSWPICTRD,GFPTCGETCTLGTCNTPGCTCSWPICTRD,29,G F P T C G E T C T L G T C N T P G C T C S W P I C T R D <EOS> <PAD>,"['G', 'F', 'P', 'T', 'C', 'G', 'E', 'T', 'C', 'T', 'L', 'G', 'T', 'C', 'N', 'T', 'P', 'G', 'C', 'T', 'C', 'S', 'W', 'P', 'I', 'C', 'T', 'R', 'D', '<EOS>', '<PAD>']"
CP05798,GFTEPCGETCRILACGIPGCQCYARICYWN,GFTEPCGETCRILACGIPGCQCYARICYWN,30,G F T E P C G E T C R I L A C G I P G C Q C Y A R I C Y W N <EOS>,"['G', 'F', 'T', 'E', 'P', 'C', 'G', 'E', 'T', 'C', 'R', 'I', 'L', 'A', 'C', 'G', 'I', 'P', 'G', 'C', 'Q', 'C', 'Y', 'A', 'R', 'I', 'C', 'Y', 'W', 'N', '<EOS>']"
CP08729,GGAAGGGCCSHPVCAAMSPIC,GGAAGGGCCSHPVCAAMSPIC,21,G G A A G G G C C S H P V C A A M S P I C <EOS> <PAD> <PAD> <PAD> <PAD> <PAD> <PAD> <PAD> <PAD> <PAD>,"['G', 'G', 'A', 'A', 'G', 'G', 'G', 'C', 'C', 'S', 'H', 'P', 'V', 'C', 'A', 'A', 'M', 'S', 'P', 'I', 'C', '<EOS>', '<PAD>', '<PAD>', '<PAD>', '<PAD>', '<PAD>', '<PAD>', '<PAD>', '<PAD>', '<PAD>']"
CP03030,GGAGHVPEYFVGIGTPISFYG,GGAGHVPEYFVGIGTPISFYG,21,G G A G H V P E Y F V G I G T P I S F Y G <EOS> <PAD> <PAD> <PAD> <PAD> <PAD> <PAD> <PAD> <PAD> <PAD>,"['G', 'G', 'A', 'G', 'H', 'V', 'P', 'E', 'Y', 'F', 'V', 'G', 'I', 'G', 'T', 'P', 'I', 'S', 'F', 'Y', 'G', '<EOS>', '<PAD>', '<PAD>', '<PAD>', '<PAD>', '<PAD>', '<PAD>', '<PAD>', '<PAD>', '<PAD>']"
CP08016,GGCCSDPRCNYDHPEICGLPET,GGCCSDPRCNYDHPEICGLPET,22,G G C C S D P R C N Y D H P E I C G L P E T <EOS> <PAD> <PAD> <PAD> <PAD> <PAD> <PAD> <PAD> <PAD>,"['G', 'G', 'C', 'C', 'S', 'D', 'P', 'R', 'C', 'N', 'Y', 'D', 'H', 'P', 'E', 'I', 'C', 'G', 'L', 'P', 'E', 'T', '<EOS>', '<PAD>', '<PAD>', '<PAD>', '<PAD>', '<PAD>', '<PAD>', '<PAD>', '<PAD>']"
CP08781,GGCCSHPACAANNQDYC,GGCCSHPACAANNQDYC,17,G G C C S H P A C A A N N Q D Y C <EOS> <PAD> <PAD> <PAD> <PAD> <PAD> <PAD> <PAD> <PAD> <PAD> <PAD> <PAD> <PAD> <PAD>,"['G', 'G', 'C', 'C', 'S', 'H', 'P', 'A', 'C', 'A', 'A', 'N', 'N', 'Q', 'D', 'Y', 'C', '<EOS>', '<PAD>', '<PAD>', '<PAD>', '<PAD>', '<PAD>', '<PAD>', '<PAD>', '<PAD>', '<PAD>', '<PAD>', '<PAD>', '<PAD>', '<PAD>']"
CP06902,GGCCSHPVCNLNNPQMCR,GGCCSHPVCNLNNPQMCR,18,G G C C S H P V C N L N N P Q M C R <EOS> <PAD> <PAD> <PAD> <PAD> <PAD> <PAD> <PAD> <PAD> <PAD> <PAD> <PAD> <PAD>,"['G', 'G', 'C', 'C', 'S', 'H', 'P', 'V', 'C', 'N', 'L', 'N', 'N', 'P', 'Q', 'M', 'C', 'R', '<EOS>', '<PAD>', '<PAD>', '<PAD>', '<PAD>', '<PAD>', '<PAD>', '<PAD>', '<PAD>', '<PAD>', '<PAD>', '<PAD>', '<PAD>']"
CP06901,GGCCSHPVCYFNNPQMCR,GGCCSHPVCYFNNPQMCR,18,G G C C S H P V C Y F N N P Q M C R <EOS> <PAD> <PAD> <PAD> <PAD> <PAD> <PAD> <PAD> <PAD> <PAD> <PAD> <PAD> <PAD>,"['G', 'G', 'C', 'C', 'S', 'H', 'P', 'V', 'C', 'Y', 'F', 'N', 'N', 'P', 'Q', 'M', 'C', 'R', '<EOS>', '<PAD>', '<PAD>', '<PAD>', '<PAD>', '<PAD>', '<PAD>', '<PAD>', '<PAD>', '<PAD>', '<PAD>', '<PAD>', '<PAD>']"
CP08128,GGCCSHPVCYTKNPNCG,GGCCSHPVCYTKNPNCG,17,G G C C S H P V C Y T K N P N C G <EOS> <PAD> <PAD> <PAD> <PAD> <PAD> <PAD> <PAD> <PAD> <PAD> <PAD> <PAD> <PAD> <PAD>,"['G', 'G', 'C', 'C', 'S', 'H', 'P', 'V', 'C', 'Y', 'T', 'K', 'N', 'P', 'N', 'C', 'G', '<EOS>', '<PAD>', '<PAD>', '<PAD>', '<PAD>', '<PAD>', '<PAD>', '<PAD>', '<PAD>', '<PAD>', '<PAD>', '<PAD>', '<PAD>', '<PAD>']"
CP06913,GGCCSHPVCYVNYPQICR,GGCCSHPVCYVNYPQICR,18,G G C C S H P V C Y V N Y P Q I C R <EOS> <PAD> <PAD> <PAD> <PAD> <PAD> <PAD> <PAD> <PAD> <PAD> <PAD> <PAD> <PAD>,"['G', 'G', 'C', 'C', 'S', 'H', 'P', 'V', 'C', 'Y', 'V', 'N', 'Y', 'P', 'Q', 'I', 'C', 'R', '<EOS>', '<PAD>', '<PAD>', '<PAD>', '<PAD>', '<PAD>', '<PAD>', '<PAD>', '<PAD>', '<PAD>', '<PAD>', '<PAD>', '<PAD>']"
CP07386,GGCCSRPPCILEHPEIC,GGCCSRPPCILEHPEIC,17,G G C C S R P P C I L E H P E I C <EOS> <PAD> <PAD> <PAD> <PAD> <PAD> <PAD> <PAD> <PAD> <PAD> <PAD> <PAD> <PAD> <PAD>,"['G', 'G', 'C', 'C', 'S', 'R', 'P', 'P', 'C', 'I', 'L', 'E', 'H', 'P', 'E', 'I', 'C', '<EOS>', '<PAD>', '<PAD>', '<PAD>', '<PAD>', '<PAD>', '<PAD>', '<PAD>', '<PAD>', '<PAD>', '<PAD>', '<PAD>', '<PAD>', '<PAD>']"
CP06794,GGCCSYPPCAVSNPQHC,GGCCSYPPCAVSNPQHC,17,G G C C S Y P P C A V S N P Q H C <EOS> <PAD> <PAD> <PAD> <PAD> <PAD> <PAD> <PAD> <PAD> <PAD> <PAD> <PAD> <PAD> <PAD>,"['G', 'G', 'C', 'C', 'S', 'Y', 'P', 'P', 'C', 'A', 'V', 'S', 'N', 'P', 'Q', 'H', 'C', '<EOS>', '<PAD>', '<PAD>', '<PAD>', '<PAD>', '<PAD>', '<PAD>', '<PAD>', '<PAD>', '<PAD>', '<PAD>', '<PAD>', '<PAD>', '<PAD>']"
CP00390;CP01654,GGGCYIQNCPLG,GGGCYIQNCPLG,12,G G G C Y I Q N C P L G <EOS> <PAD> <PAD> <PAD> <PAD> <PAD> <PAD> <PAD> <PAD> <PAD> <PAD> <PAD> <PAD> <PAD> <PAD> <PAD> <PAD> <PAD> <PAD>,"['G', 'G', 'G', 'C', 'Y', 'I', 'Q', 'N', 'C', 'P', 'L', 'G', '<EOS>', '<PAD>', '<PAD>', '<PAD>', '<PAD>', '<PAD>', '<PAD>', '<PAD>', '<PAD>', '<PAD>', '<PAD>', '<PAD>', '<PAD>', '<PAD>', '<PAD>', '<PAD>', '<PAD>', '<PAD>', '<PAD>']"
CP05500,GGHCGESCMLLPCFTARIGCSCSRSICYKN,GGHCGESCMLLPCFTARIGCSCSRSICYKN,30,G G H C G E S C M L L P C F T A R I G C S C S R S I C Y K N <EOS>,"['G', 'G', 'H', 'C', 'G', 'E', 'S', 'C', 'M', 'L', 'L', 'P', 'C', 'F', 'T', 'A', 'R', 'I', 'G', 'C', 'S', 'C', 'S', 'R', 'S', 'I', 'C', 'Y', 'K', 'N', '<EOS>']"
CP05986,GGLGRCIYNCMNSGGGLSFIQCKTMCY,GGLGRCIYNCMNSGGGLSFIQCKTMCY,27,G G L G R C I Y N C M N S G G G L S F I Q C K T M C Y <EOS> <PAD> <PAD> <PAD>,"['G', 'G', 'L', 'G', 'R', 'C', 'I', 'Y', 'N', 'C', 'M', 'N', 'S', 'G', 'G', 'G', 'L', 'S', 'F', 'I', 'Q', 'C', 'K', 'T', 'M', 'C', 'Y', '<EOS>', '<PAD>', '<PAD>', '<PAD>']"
CP04968,GGSIPCGESCVFLPCFLPGCSCKSSVCYLN,GGSIPCGESCVFLPCFLPGCSCKSSVCYLN,30,G G S I P C G E S C V F L P C F L P G C S C K S S V C Y L N <EOS>,"['G', 'G', 'S', 'I', 'P', 'C', 'G', 'E', 'S', 'C', 'V', 'F', 'L', 'P', 'C', 'F', 'L', 'P', 'G', 'C', 'S', 'C', 'K', 'S', 'S', 'V', 'C', 'Y', 'L', 'N', '<EOS>']"
CP05402,GGVCGETCVGGTCNTPGCKCSWPVCGSGSD,GGVCGETCVGGTCNTPGCKCSWPVCGSGSD,30,G G V C G E T C V G G T C N T P G C K C S W P V C G S G S D <EOS>,"['G', 'G', 'V', 'C', 'G', 'E', 'T', 'C', 'V', 'G', 'G', 'T', 'C', 'N', 'T', 'P', 'G', 'C', 'K', 'C', 'S', 'W', 'P', 'V', 'C', 'G', 'S', 'G', 'S', 'D', '<EOS>']"
CP04924,GHPICGETCVGNKCYTPGCTCTWPVCYRN,GHPICGETCVGNKCYTPGCTCTWPVCYRN,29,G H P I C G E T C V G N K C Y T P G C T C T W P V C Y R N <EOS> <PAD>,"['G', 'H', 'P', 'I', 'C', 'G', 'E', 'T', 'C', 'V', 'G', 'N', 'K', 'C', 'Y', 'T', 'P', 'G', 'C', 'T', 'C', 'T', 'W', 'P', 'V', 'C', 'Y', 'R', 'N', '<EOS>', '<PAD>']"
CP04927,GHPTCGETCLLGTCYTPGCTCKRPVCYKN,GHPTCGETCLLGTCYTPGCTCKRPVCYKN,29,G H P T C G E T C L L G T C Y T P G C T C K R P V C Y K N <EOS> <PAD>,"['G', 'H', 'P', 'T', 'C', 'G', 'E', 'T', 'C', 'L', 'L', 'G', 'T', 'C', 'Y', 'T', 'P', 'G', 'C', 'T', 'C', 'K', 'R', 'P', 'V', 'C', 'Y', 'K', 'N', '<EOS>', '<PAD>']"
CP05760,GHYCGETCFFIPCASSLIDCECHNDYCYRN,GHYCGETCFFIPCASSLIDCECHNDYCYRN,30,G H Y C G E T C F F I P C A S S L I D C E C H N D Y C Y R N <EOS>,"['G', 'H', 'Y', 'C', 'G', 'E', 'T', 'C', 'F', 'F', 'I', 'P', 'C', 'A', 'S', 'S', 'L', 'I', 'D', 'C', 'E', 'C', 'H', 'N', 'D', 'Y', 'C', 'Y', 'R', 'N', '<EOS>']"
CP05842,GIACGESCAYFGCWIPGCSCKDKVCYIN,GIACGESCAYFGCWIPGCSCKDKVCYIN,28,G I A C G E S C A Y F G C W I P G C S C K D K V C Y I N <EOS> <PAD> <PAD>,"['G', 'I', 'A', 'C', 'G', 'E', 'S', 'C', 'A', 'Y', 'F', 'G', 'C', 'W', 'I', 'P', 'G', 'C', 'S', 'C', 'K', 'D', 'K', 'V', 'C', 'Y', 'I', 'N', '<EOS>', '<PAD>', '<PAD>']"
CP02904,GIACGESCAYFGCWIPGCSCRNKVCYFN,GIACGESCAYFGCWIPGCSCRNKVCYFN,28,G I A C G E S C A Y F G C W I P G C S C R N K V C Y F N <EOS> <PAD> <PAD>,"['G', 'I', 'A', 'C', 'G', 'E', 'S', 'C', 'A', 'Y', 'F', 'G', 'C', 'W', 'I', 'P', 'G', 'C', 'S', 'C', 'R', 'N', 'K', 'V', 'C', 'Y', 'F', 'N', '<EOS>', '<PAD>', '<PAD>']"
CP01369,GIACGESCVFLGCFIPGCSCKSKVCYFN,GIACGESCVFLGCFIPGCSCKSKVCYFN,28,G I A C G E S C V F L G C F I P G C S C K S K V C Y F N <EOS> <PAD> <PAD>,"['G', 'I', 'A', 'C', 'G', 'E', 'S', 'C', 'V', 'F', 'L', 'G', 'C', 'F', 'I', 'P', 'G', 'C', 'S', 'C', 'K', 'S', 'K', 'V', 'C', 'Y', 'F', 'N', '<EOS>', '<PAD>', '<PAD>']"
CP07777,GICCSKHPPCCSQFQ,GICCSKHPPCCSQFQ,15,G I C C S K H P P C C S Q F Q <EOS> <PAD> <PAD> <PAD> <PAD> <PAD> <PAD> <PAD> <PAD> <PAD> <PAD> <PAD> <PAD> <PAD> <PAD> <PAD>,"['G', 'I', 'C', 'C', 'S', 'K', 'H', 'P', 'P', 'C', 'C', 'S', 'Q', 'F', 'Q', '<EOS>', '<PAD>', '<PAD>', '<PAD>', '<PAD>', '<PAD>', '<PAD>', '<PAD>', '<PAD>', '<PAD>', '<PAD>', '<PAD>', '<PAD>', '<PAD>', '<PAD>', '<PAD>']"
CP02950,GICRCICGRGICRCICGR,GICRCICGRGICRCICGR,18,G I C R C I C G R G I C R C I C G R <EOS> <PAD> <PAD> <PAD> <PAD> <PAD> <PAD> <PAD> <PAD> <PAD> <PAD> <PAD> <PAD>,"['G', 'I', 'C', 'R', 'C', 'I', 'C', 'G', 'R', 'G', 'I', 'C', 'R', 'C', 'I', 'C', 'G', 'R', '<EOS>', '<PAD>', '<PAD>', '<PAD>', '<PAD>', '<PAD>', '<PAD>', '<PAD>', '<PAD>', '<PAD>', '<PAD>', '<PAD>', '<PAD>']"
CP02957,GICRCICTRGFCRCICVL,GICRCICTRGFCRCICVL,18,G I C R C I C T R G F C R C I C V L <EOS> <PAD> <PAD> <PAD> <PAD> <PAD> <PAD> <PAD> <PAD> <PAD> <PAD> <PAD> <PAD>,"['G', 'I', 'C', 'R', 'C', 'I', 'C', 'T', 'R', 'G', 'F', 'C', 'R', 'C', 'I', 'C', 'V', 'L', '<EOS>', '<PAD>', '<PAD>', '<PAD>', '<PAD>', '<PAD>', '<PAD>', '<PAD>', '<PAD>', '<PAD>', '<PAD>', '<PAD>', '<PAD>']"
CP02958,GICRCLCRRGVCRCICVL,GICRCLCRRGVCRCICVL,18,G I C R C L C R R G V C R C I C V L <EOS> <PAD> <PAD> <PAD> <PAD> <PAD> <PAD> <PAD> <PAD> <PAD> <PAD> <PAD> <PAD>,"['G', 'I', 'C', 'R', 'C', 'L', 'C', 'R', 'R', 'G', 'V', 'C', 'R', 'C', 'I', 'C', 'V', 'L', '<EOS>', '<PAD>', '<PAD>', '<PAD>', '<PAD>', '<PAD>', '<PAD>', '<PAD>', '<PAD>', '<PAD>', '<PAD>', '<PAD>', '<PAD>']"
CP09119;CP09130,GIFALAKSVCCTAAKLSFCC,GIFALAKSVCCTAAKLSFCC,20,G I F A L A K S V C C T A A K L S F C C <EOS> <PAD> <PAD> <PAD> <PAD> <PAD> <PAD> <PAD> <PAD> <PAD> <PAD>,"['G', 'I', 'F', 'A', 'L', 'A', 'K', 'S', 'V', 'C', 'C', 'T', 'A', 'A', 'K', 'L', 'S', 'F', 'C', 'C', '<EOS>', '<PAD>', '<PAD>', '<PAD>', '<PAD>', '<PAD>', '<PAD>', '<PAD>', '<PAD>', '<PAD>', '<PAD>']"
CP03301,GIFGKILGAGKKVLCGLSGLC,GIFGKILGAGKKVLCGLSGLC,21,G I F G K I L G A G K K V L C G L S G L C <EOS> <PAD> <PAD> <PAD> <PAD> <PAD> <PAD> <PAD> <PAD> <PAD>,"['G', 'I', 'F', 'G', 'K', 'I', 'L', 'G', 'A', 'G', 'K', 'K', 'V', 'L', 'C', 'G', 'L', 'S', 'G', 'L', 'C', '<EOS>', '<PAD>', '<PAD>', '<PAD>', '<PAD>', '<PAD>', '<PAD>', '<PAD>', '<PAD>', '<PAD>']"
CP03291,GIFGKILGVGKKTLCELSGMC,GIFGKILGVGKKTLCELSGMC,21,G I F G K I L G V G K K T L C E L S G M C <EOS> <PAD> <PAD> <PAD> <PAD> <PAD> <PAD> <PAD> <PAD> <PAD>,"['G', 'I', 'F', 'G', 'K', 'I', 'L', 'G', 'V', 'G', 'K', 'K', 'T', 'L', 'C', 'E', 'L', 'S', 'G', 'M', 'C', '<EOS>', '<PAD>', '<PAD>', '<PAD>', '<PAD>', '<PAD>', '<PAD>', '<PAD>', '<PAD>', '<PAD>']"
CP03292,GIFLKVLGVGKKVLCGVSGLC,GIFLKVLGVGKKVLCGVSGLC,21,G I F L K V L G V G K K V L C G V S G L C <EOS> <PAD> <PAD> <PAD> <PAD> <PAD> <PAD> <PAD> <PAD> <PAD>,"['G', 'I', 'F', 'L', 'K', 'V', 'L', 'G', 'V', 'G', 'K', 'K', 'V', 'L', 'C', 'G', 'V', 'S', 'G', 'L', 'C', '<EOS>', '<PAD>', '<PAD>', '<PAD>', '<PAD>', '<PAD>', '<PAD>', '<PAD>', '<PAD>', '<PAD>']"
CP07695,GIFSTLCCGVGINSCC,GIFSTLCCGVGINSCC,16,G I F S T L C C G V G I N S C C <EOS> <PAD> <PAD> <PAD> <PAD> <PAD> <PAD> <PAD> <PAD> <PAD> <PAD> <PAD> <PAD> <PAD> <PAD>,"['G', 'I', 'F', 'S', 'T', 'L', 'C', 'C', 'G', 'V', 'G', 'I', 'N', 'S', 'C', 'C', '<EOS>', '<PAD>', '<PAD>', '<PAD>', '<PAD>', '<PAD>', '<PAD>', '<PAD>', '<PAD>', '<PAD>', '<PAD>', '<PAD>', '<PAD>', '<PAD>', '<PAD>']"
CP03281,GIFSTVFKAGKGIVCGLTGLC,GIFSTVFKAGKGIVCGLTGLC,21,G I F S T V F K A G K G I V C G L T G L C <EOS> <PAD> <PAD> <PAD> <PAD> <PAD> <PAD> <PAD> <PAD> <PAD>,"['G', 'I', 'F', 'S', 'T', 'V', 'F', 'K', 'A', 'G', 'K', 'G', 'I', 'V', 'C', 'G', 'L', 'T', 'G', 'L', 'C', '<EOS>', '<PAD>', '<PAD>', '<PAD>', '<PAD>', '<PAD>', '<PAD>', '<PAD>', '<PAD>', '<PAD>']"
CP03074;CP05318,GIGCGESCVWIPCVSIGCSCSNKICYRN,GIGCGESCVWIPCVSIGCSCSNKICYRN,28,G I G C G E S C V W I P C V S I G C S C S N K I C Y R N <EOS> <PAD> <PAD>,"['G', 'I', 'G', 'C', 'G', 'E', 'S', 'C', 'V', 'W', 'I', 'P', 'C', 'V', 'S', 'I', 'G', 'C', 'S', 'C', 'S', 'N', 'K', 'I', 'C', 'Y', 'R', 'N', '<EOS>', '<PAD>', '<PAD>']"
CP03219,GIGSAILSAGKSALKGLAKGLAEHFAN,GIGSAILSAGKSALKGLAKGLAEHFAN,27,G I G S A I L S A G K S A L K G L A K G L A E H F A N <EOS> <PAD> <PAD> <PAD>,"['G', 'I', 'G', 'S', 'A', 'I', 'L', 'S', 'A', 'G', 'K', 'S', 'A', 'L', 'K', 'G', 'L', 'A', 'K', 'G', 'L', 'A', 'E', 'H', 'F', 'A', 'N', '<EOS>', '<PAD>', '<PAD>', '<PAD>']"
CP05495,GIHCAETCFWGTCRTAYIGCSCENRICYKN,GIHCAETCFWGTCRTAYIGCSCENRICYKN,30,G I H C A E T C F W G T C R T A Y I G C S C E N R I C Y K N <EOS>,"['G', 'I', 'H', 'C', 'A', 'E', 'T', 'C', 'F', 'W', 'G', 'T', 'C', 'R', 'T', 'A', 'Y', 'I', 'G', 'C', 'S', 'C', 'E', 'N', 'R', 'I', 'C', 'Y', 'K', 'N', '<EOS>']"
CP05802,GIHCAETCLWRPCHTAIIGCSCEHNICYKN,GIHCAETCLWRPCHTAIIGCSCEHNICYKN,30,G I H C A E T C L W R P C H T A I I G C S C E H N I C Y K N <EOS>,"['G', 'I', 'H', 'C', 'A', 'E', 'T', 'C', 'L', 'W', 'R', 'P', 'C', 'H', 'T', 'A', 'I', 'I', 'G', 'C', 'S', 'C', 'E', 'H', 'N', 'I', 'C', 'Y', 'K', 'N', '<EOS>']"
CP07709,GIHELAKSVCCTATGISICC,GIHELAKSVCCTATGISICC,20,G I H E L A K S V C C T A T G I S I C C <EOS> <PAD> <PAD> <PAD> <PAD> <PAD> <PAD> <PAD> <PAD> <PAD> <PAD>,"['G', 'I', 'H', 'E', 'L', 'A', 'K', 'S', 'V', 'C', 'C', 'T', 'A', 'T', 'G', 'I', 'S', 'I', 'C', 'C', '<EOS>', '<PAD>', '<PAD>', '<PAD>', '<PAD>', '<PAD>', '<PAD>', '<PAD>', '<PAD>', '<PAD>', '<PAD>']"
CP05644,GIIPCGETCIWDKKCHIQGCSCKHDICVRN,GIIPCGETCIWDKKCHIQGCSCKHDICVRN,30,G I I P C G E T C I W D K K C H I Q G C S C K H D I C V R N <EOS>,"['G', 'I', 'I', 'P', 'C', 'G', 'E', 'T', 'C', 'I', 'W', 'D', 'K', 'K', 'C', 'H', 'I', 'Q', 'G', 'C', 'S', 'C', 'K', 'H', 'D', 'I', 'C', 'V', 'R', 'N', '<EOS>']"
CP05642,GIIPCGETCIWDKTCHIPGCKCEHNICVRN,GIIPCGETCIWDKTCHIPGCKCEHNICVRN,30,G I I P C G E T C I W D K T C H I P G C K C E H N I C V R N <EOS>,"['G', 'I', 'I', 'P', 'C', 'G', 'E', 'T', 'C', 'I', 'W', 'D', 'K', 'T', 'C', 'H', 'I', 'P', 'G', 'C', 'K', 'C', 'E', 'H', 'N', 'I', 'C', 'V', 'R', 'N', '<EOS>']"
CP07708,GIISLAKSLCCTGIGISFCC,GIISLAKSLCCTGIGISFCC,20,G I I S L A K S L C C T G I G I S F C C <EOS> <PAD> <PAD> <PAD> <PAD> <PAD> <PAD> <PAD> <PAD> <PAD> <PAD>,"['G', 'I', 'I', 'S', 'L', 'A', 'K', 'S', 'L', 'C', 'C', 'T', 'G', 'I', 'G', 'I', 'S', 'F', 'C', 'C', '<EOS>', '<PAD>', '<PAD>', '<PAD>', '<PAD>', '<PAD>', '<PAD>', '<PAD>', '<PAD>', '<PAD>', '<PAD>']"
CP09118;CP09124;CP09129,GILELAKTVCCSATGISICC,GILELAKTVCCSATGISICC,20,G I L E L A K T V C C S A T G I S I C C <EOS> <PAD> <PAD> <PAD> <PAD> <PAD> <PAD> <PAD> <PAD> <PAD> <PAD>,"['G', 'I', 'L', 'E', 'L', 'A', 'K', 'T', 'V', 'C', 'C', 'S', 'A', 'T', 'G', 'I', 'S', 'I', 'C', 'C', '<EOS>', '<PAD>', '<PAD>', '<PAD>', '<PAD>', '<PAD>', '<PAD>', '<PAD>', '<PAD>', '<PAD>', '<PAD>']"
CP03296,GILGNIVGMGKKIVCGLSGLC,GILGNIVGMGKKIVCGLSGLC,21,G I L G N I V G M G K K I V C G L S G L C <EOS> <PAD> <PAD> <PAD> <PAD> <PAD> <PAD> <PAD> <PAD> <PAD>,"['G', 'I', 'L', 'G', 'N', 'I', 'V', 'G', 'M', 'G', 'K', 'K', 'I', 'V', 'C', 'G', 'L', 'S', 'G', 'L', 'C', '<EOS>', '<PAD>', '<PAD>', '<PAD>', '<PAD>', '<PAD>', '<PAD>', '<PAD>', '<PAD>', '<PAD>']"
CP07254,GILLPALRKFCCDSNWCHISDCECCY,GILLPALRKFCCDSNWCHISDCECCY,26,G I L L P A L R K F C C D S N W C H I S D C E C C Y <EOS> <PAD> <PAD> <PAD> <PAD>,"['G', 'I', 'L', 'L', 'P', 'A', 'L', 'R', 'K', 'F', 'C', 'C', 'D', 'S', 'N', 'W', 'C', 'H', 'I', 'S', 'D', 'C', 'E', 'C', 'C', 'Y', '<EOS>', '<PAD>', '<PAD>', '<PAD>', '<PAD>']"
CP03305,GILSGILGAGKSLVCGLSGLC,GILSGILGAGKSLVCGLSGLC,21,G I L S G I L G A G K S L V C G L S G L C <EOS> <PAD> <PAD> <PAD> <PAD> <PAD> <PAD> <PAD> <PAD> <PAD>,"['G', 'I', 'L', 'S', 'G', 'I', 'L', 'G', 'A', 'G', 'K', 'S', 'L', 'V', 'C', 'G', 'L', 'S', 'G', 'L', 'C', '<EOS>', '<PAD>', '<PAD>', '<PAD>', '<PAD>', '<PAD>', '<PAD>', '<PAD>', '<PAD>', '<PAD>']"
CP03278,GILSGLLGVGKMLVCGLSGLC,GILSGLLGVGKMLVCGLSGLC,21,G I L S G L L G V G K M L V C G L S G L C <EOS> <PAD> <PAD> <PAD> <PAD> <PAD> <PAD> <PAD> <PAD> <PAD>,"['G', 'I', 'L', 'S', 'G', 'L', 'L', 'G', 'V', 'G', 'K', 'M', 'L', 'V', 'C', 'G', 'L', 'S', 'G', 'L', 'C', '<EOS>', '<PAD>', '<PAD>', '<PAD>', '<PAD>', '<PAD>', '<PAD>', '<PAD>', '<PAD>', '<PAD>']"
CP03298,GILSGVLGMGKKIVCGLRGLC,GILSGVLGMGKKIVCGLRGLC,21,G I L S G V L G M G K K I V C G L R G L C <EOS> <PAD> <PAD> <PAD> <PAD> <PAD> <PAD> <PAD> <PAD> <PAD>,"['G', 'I', 'L', 'S', 'G', 'V', 'L', 'G', 'M', 'G', 'K', 'K', 'I', 'V', 'C', 'G', 'L', 'R', 'G', 'L', 'C', '<EOS>', '<PAD>', '<PAD>', '<PAD>', '<PAD>', '<PAD>', '<PAD>', '<PAD>', '<PAD>', '<PAD>']"
CP03482,GIMSIVKDVAKNKEKGALSTLSCKLAKTC,GIMSIVKDVAKNKEKGALSTLSCKLAKTC,29,G I M S I V K D V A K N K E K G A L S T L S C K L A K T C <EOS> <PAD>,"['G', 'I', 'M', 'S', 'I', 'V', 'K', 'D', 'V', 'A', 'K', 'N', 'K', 'E', 'K', 'G', 'A', 'L', 'S', 'T', 'L', 'S', 'C', 'K', 'L', 'A', 'K', 'T', 'C', '<EOS>', '<PAD>']"
CP05681,GIPCAESCVFIPCTITALLGCKCQSKVCYN,GIPCAESCVFIPCTITALLGCKCQSKVCYN,30,G I P C A E S C V F I P C T I T A L L G C K C Q S K V C Y N <EOS>,"['G', 'I', 'P', 'C', 'A', 'E', 'S', 'C', 'V', 'F', 'I', 'P', 'C', 'T', 'I', 'T', 'A', 'L', 'L', 'G', 'C', 'K', 'C', 'Q', 'S', 'K', 'V', 'C', 'Y', 'N', '<EOS>']"
CP05414,GIPCAESCVFIPCVTAILGCSCKDRVCYN,GIPCAESCVFIPCVTAILGCSCKDRVCYN,29,G I P C A E S C V F I P C V T A I L G C S C K D R V C Y N <EOS> <PAD>,"['G', 'I', 'P', 'C', 'A', 'E', 'S', 'C', 'V', 'F', 'I', 'P', 'C', 'V', 'T', 'A', 'I', 'L', 'G', 'C', 'S', 'C', 'K', 'D', 'R', 'V', 'C', 'Y', 'N', '<EOS>', '<PAD>']"
CP05255,GIPCAESCVWIPCTVTAIVGCSCSWGVCYN,GIPCAESCVWIPCTVTAIVGCSCSWGVCYN,30,G I P C A E S C V W I P C T V T A I V G C S C S W G V C Y N <EOS>,"['G', 'I', 'P', 'C', 'A', 'E', 'S', 'C', 'V', 'W', 'I', 'P', 'C', 'T', 'V', 'T', 'A', 'I', 'V', 'G', 'C', 'S', 'C', 'S', 'W', 'G', 'V', 'C', 'Y', 'N', '<EOS>']"
CP02934,GIPCAESCVWIPCTVTALIGCGCSNKVCYN,GIPCAESCVWIPCTVTALIGCGCSNKVCYN,30,G I P C A E S C V W I P C T V T A L I G C G C S N K V C Y N <EOS>,"['G', 'I', 'P', 'C', 'A', 'E', 'S', 'C', 'V', 'W', 'I', 'P', 'C', 'T', 'V', 'T', 'A', 'L', 'I', 'G', 'C', 'G', 'C', 'S', 'N', 'K', 'V', 'C', 'Y', 'N', '<EOS>']"
CP05682,GIPCAESCVWIPCTVTALLGCKCQSNVCYN,GIPCAESCVWIPCTVTALLGCKCQSNVCYN,30,G I P C A E S C V W I P C T V T A L L G C K C Q S N V C Y N <EOS>,"['G', 'I', 'P', 'C', 'A', 'E', 'S', 'C', 'V', 'W', 'I', 'P', 'C', 'T', 'V', 'T', 'A', 'L', 'L', 'G', 'C', 'K', 'C', 'Q', 'S', 'N', 'V', 'C', 'Y', 'N', '<EOS>']"
CP01280,GIPCAESCVWIPCTVTALLGCSCSNNVCYN,GIPCAESCVWIPCTVTALLGCSCSNNVCYN,30,G I P C A E S C V W I P C T V T A L L G C S C S N N V C Y N <EOS>,"['G', 'I', 'P', 'C', 'A', 'E', 'S', 'C', 'V', 'W', 'I', 'P', 'C', 'T', 'V', 'T', 'A', 'L', 'L', 'G', 'C', 'S', 'C', 'S', 'N', 'N', 'V', 'C', 'Y', 'N', '<EOS>']"
CP05169,GIPCAESCVWIPCTVTKMLGCSCKDKVCYN,GIPCAESCVWIPCTVTKMLGCSCKDKVCYN,30,G I P C A E S C V W I P C T V T K M L G C S C K D K V C Y N <EOS>,"['G', 'I', 'P', 'C', 'A', 'E', 'S', 'C', 'V', 'W', 'I', 'P', 'C', 'T', 'V', 'T', 'K', 'M', 'L', 'G', 'C', 'S', 'C', 'K', 'D', 'K', 'V', 'C', 'Y', 'N', '<EOS>']"
CP05669,GIPCAESCVYIPCIVSVILGCSCQSKVCYN,GIPCAESCVYIPCIVSVILGCSCQSKVCYN,30,G I P C A E S C V Y I P C I V S V I L G C S C Q S K V C Y N <EOS>,"['G', 'I', 'P', 'C', 'A', 'E', 'S', 'C', 'V', 'Y', 'I', 'P', 'C', 'I', 'V', 'S', 'V', 'I', 'L', 'G', 'C', 'S', 'C', 'Q', 'S', 'K', 'V', 'C', 'Y', 'N', '<EOS>']"
CP02929,GIPCAESCVYIPCTITALLGCKCKDQVCYN,GIPCAESCVYIPCTITALLGCKCKDQVCYN,30,G I P C A E S C V Y I P C T I T A L L G C K C K D Q V C Y N <EOS>,"['G', 'I', 'P', 'C', 'A', 'E', 'S', 'C', 'V', 'Y', 'I', 'P', 'C', 'T', 'I', 'T', 'A', 'L', 'L', 'G', 'C', 'K', 'C', 'K', 'D', 'Q', 'V', 'C', 'Y', 'N', '<EOS>']"
CP02928,GIPCAESCVYIPCTITALLGCKCQDKVCYD,GIPCAESCVYIPCTITALLGCKCQDKVCYD,30,G I P C A E S C V Y I P C T I T A L L G C K C Q D K V C Y D <EOS>,"['G', 'I', 'P', 'C', 'A', 'E', 'S', 'C', 'V', 'Y', 'I', 'P', 'C', 'T', 'I', 'T', 'A', 'L', 'L', 'G', 'C', 'K', 'C', 'Q', 'D', 'K', 'V', 'C', 'Y', 'D', '<EOS>']"
CP04065;CP04858,GIPCAESCVYIPCTVTALLGCSCSDKVCYN,GIPCAESCVYIPCTVTALLGCSCSDKVCYN,30,G I P C A E S C V Y I P C T V T A L L G C S C S D K V C Y N <EOS>,"['G', 'I', 'P', 'C', 'A', 'E', 'S', 'C', 'V', 'Y', 'I', 'P', 'C', 'T', 'V', 'T', 'A', 'L', 'L', 'G', 'C', 'S', 'C', 'S', 'D', 'K', 'V', 'C', 'Y', 'N', '<EOS>']"
CP05490,GIPCAESCVYLPCVTIVIGCSCKDEVCYNS,GIPCAESCVYLPCVTIVIGCSCKDEVCYNS,30,G I P C A E S C V Y L P C V T I V I G C S C K D E V C Y N S <EOS>,"['G', 'I', 'P', 'C', 'A', 'E', 'S', 'C', 'V', 'Y', 'L', 'P', 'C', 'V', 'T', 'I', 'V', 'I', 'G', 'C', 'S', 'C', 'K', 'D', 'E', 'V', 'C', 'Y', 'N', 'S', '<EOS>']"
CP05801,GIPCAETCLWRPCHTAIIGCSCEYNFCHKN,GIPCAETCLWRPCHTAIIGCSCEYNFCHKN,30,G I P C A E T C L W R P C H T A I I G C S C E Y N F C H K N <EOS>,"['G', 'I', 'P', 'C', 'A', 'E', 'T', 'C', 'L', 'W', 'R', 'P', 'C', 'H', 'T', 'A', 'I', 'I', 'G', 'C', 'S', 'C', 'E', 'Y', 'N', 'F', 'C', 'H', 'K', 'N', '<EOS>']"
CP05505,GIPCAETCLWRPCRTAIMGCSCEYNFCYKN,GIPCAETCLWRPCRTAIMGCSCEYNFCYKN,30,G I P C A E T C L W R P C R T A I M G C S C E Y N F C Y K N <EOS>,"['G', 'I', 'P', 'C', 'A', 'E', 'T', 'C', 'L', 'W', 'R', 'P', 'C', 'R', 'T', 'A', 'I', 'M', 'G', 'C', 'S', 'C', 'E', 'Y', 'N', 'F', 'C', 'Y', 'K', 'N', '<EOS>']"
CP04988,GIPCGDSCHYIPCVTSTIGCSCTNGSCMRN,GIPCGDSCHYIPCVTSTIGCSCTNGSCMRN,30,G I P C G D S C H Y I P C V T S T I G C S C T N G S C M R N <EOS>,"['G', 'I', 'P', 'C', 'G', 'D', 'S', 'C', 'H', 'Y', 'I', 'P', 'C', 'V', 'T', 'S', 'T', 'I', 'G', 'C', 'S', 'C', 'T', 'N', 'G', 'S', 'C', 'M', 'R', 'N', '<EOS>']"
CP04916,GIPCGEGCVYLPCFTAPLGCSCSSKVCYRN,GIPCGEGCVYLPCFTAPLGCSCSSKVCYRN,30,G I P C G E G C V Y L P C F T A P L G C S C S S K V C Y R N <EOS>,"['G', 'I', 'P', 'C', 'G', 'E', 'G', 'C', 'V', 'Y', 'L', 'P', 'C', 'F', 'T', 'A', 'P', 'L', 'G', 'C', 'S', 'C', 'S', 'S', 'K', 'V', 'C', 'Y', 'R', 'N', '<EOS>']"
CP05534,GIPCGESCAFLPCLTSLLGCTCQNKVCYRD,GIPCGESCAFLPCLTSLLGCTCQNKVCYRD,30,G I P C G E S C A F L P C L T S L L G C T C Q N K V C Y R D <EOS>,"['G', 'I', 'P', 'C', 'G', 'E', 'S', 'C', 'A', 'F', 'L', 'P', 'C', 'L', 'T', 'S', 'L', 'L', 'G', 'C', 'T', 'C', 'Q', 'N', 'K', 'V', 'C', 'Y', 'R', 'D', '<EOS>']"
CP05322,GIPCGESCAWIPCISAVQGCSCRNKICYRN,GIPCGESCAWIPCISAVQGCSCRNKICYRN,30,G I P C G E S C A W I P C I S A V Q G C S C R N K I C Y R N <EOS>,"['G', 'I', 'P', 'C', 'G', 'E', 'S', 'C', 'A', 'W', 'I', 'P', 'C', 'I', 'S', 'A', 'V', 'Q', 'G', 'C', 'S', 'C', 'R', 'N', 'K', 'I', 'C', 'Y', 'R', 'N', '<EOS>']"
CP04987,GIPCGESCHYIPCVTSAIGCSCRNRSCMRN,GIPCGESCHYIPCVTSAIGCSCRNRSCMRN,30,G I P C G E S C H Y I P C V T S A I G C S C R N R S C M R N <EOS>,"['G', 'I', 'P', 'C', 'G', 'E', 'S', 'C', 'H', 'Y', 'I', 'P', 'C', 'V', 'T', 'S', 'A', 'I', 'G', 'C', 'S', 'C', 'R', 'N', 'R', 'S', 'C', 'M', 'R', 'N', '<EOS>']"
CP04064;CP04859,GIPCGESCIFIPCITTVVGCSCSNKVCYDN,GIPCGESCIFIPCITTVVGCSCSNKVCYDN,30,G I P C G E S C I F I P C I T T V V G C S C S N K V C Y D N <EOS>,"['G', 'I', 'P', 'C', 'G', 'E', 'S', 'C', 'I', 'F', 'I', 'P', 'C', 'I', 'T', 'T', 'V', 'V', 'G', 'C', 'S', 'C', 'S', 'N', 'K', 'V', 'C', 'Y', 'D', 'N', '<EOS>']"
CP05319,GIPCGESCMWIPCISIGCSCTNHVCYKN,GIPCGESCMWIPCISIGCSCTNHVCYKN,28,G I P C G E S C M W I P C I S I G C S C T N H V C Y K N <EOS> <PAD> <PAD>,"['G', 'I', 'P', 'C', 'G', 'E', 'S', 'C', 'M', 'W', 'I', 'P', 'C', 'I', 'S', 'I', 'G', 'C', 'S', 'C', 'T', 'N', 'H', 'V', 'C', 'Y', 'K', 'N', '<EOS>', '<PAD>', '<PAD>']"
CP05639,GIPCGESCVFIPCFTSAIGCSCKSKVCYRN,GIPCGESCVFIPCFTSAIGCSCKSKVCYRN,30,G I P C G E S C V F I P C F T S A I G C S C K S K V C Y R N <EOS>,"['G', 'I', 'P', 'C', 'G', 'E', 'S', 'C', 'V', 'F', 'I', 'P', 'C', 'F', 'T', 'S', 'A', 'I', 'G', 'C', 'S', 'C', 'K', 'S', 'K', 'V', 'C', 'Y', 'R', 'N', '<EOS>']"
CP05411,GIPCGESCVFIPCFTSVFGCSCKDKVCYRN,GIPCGESCVFIPCFTSVFGCSCKDKVCYRN,30,G I P C G E S C V F I P C F T S V F G C S C K D K V C Y R N <EOS>,"['G', 'I', 'P', 'C', 'G', 'E', 'S', 'C', 'V', 'F', 'I', 'P', 'C', 'F', 'T', 'S', 'V', 'F', 'G', 'C', 'S', 'C', 'K', 'D', 'K', 'V', 'C', 'Y', 'R', 'N', '<EOS>']"
CP05304,GIPCGESCVFIPCISALLGCSCSNKVCYNN,GIPCGESCVFIPCISALLGCSCSNKVCYNN,30,G I P C G E S C V F I P C I S A L L G C S C S N K V C Y N N <EOS>,"['G', 'I', 'P', 'C', 'G', 'E', 'S', 'C', 'V', 'F', 'I', 'P', 'C', 'I', 'S', 'A', 'L', 'L', 'G', 'C', 'S', 'C', 'S', 'N', 'K', 'V', 'C', 'Y', 'N', 'N', '<EOS>']"
CP02903,GIPCGESCVFIPCISGVIGCSCKSKVCYRN,GIPCGESCVFIPCISGVIGCSCKSKVCYRN,30,G I P C G E S C V F I P C I S G V I G C S C K S K V C Y R N <EOS>,"['G', 'I', 'P', 'C', 'G', 'E', 'S', 'C', 'V', 'F', 'I', 'P', 'C', 'I', 'S', 'G', 'V', 'I', 'G', 'C', 'S', 'C', 'K', 'S', 'K', 'V', 'C', 'Y', 'R', 'N', '<EOS>']"
CP05805,GIPCGESCVFIPCISGVLGCSCSNKVCYRN,GIPCGESCVFIPCISGVLGCSCSNKVCYRN,30,G I P C G E S C V F I P C I S G V L G C S C S N K V C Y R N <EOS>,"['G', 'I', 'P', 'C', 'G', 'E', 'S', 'C', 'V', 'F', 'I', 'P', 'C', 'I', 'S', 'G', 'V', 'L', 'G', 'C', 'S', 'C', 'S', 'N', 'K', 'V', 'C', 'Y', 'R', 'N', '<EOS>']"
CP03080;CP04841,GIPCGESCVFIPCISSVVGCSCKSKVCYLD,GIPCGESCVFIPCISSVVGCSCKSKVCYLD,30,G I P C G E S C V F I P C I S S V V G C S C K S K V C Y L D <EOS>,"['G', 'I', 'P', 'C', 'G', 'E', 'S', 'C', 'V', 'F', 'I', 'P', 'C', 'I', 'S', 'S', 'V', 'V', 'G', 'C', 'S', 'C', 'K', 'S', 'K', 'V', 'C', 'Y', 'L', 'D', '<EOS>']"
CP02989;CP04005,GIPCGESCVFIPCITGAIGCSCKSKVCYRD,GIPCGESCVFIPCITGAIGCSCKSKVCYRD,30,G I P C G E S C V F I P C I T G A I G C S C K S K V C Y R D <EOS>,"['G', 'I', 'P', 'C', 'G', 'E', 'S', 'C', 'V', 'F', 'I', 'P', 'C', 'I', 'T', 'G', 'A', 'I', 'G', 'C', 'S', 'C', 'K', 'S', 'K', 'V', 'C', 'Y', 'R', 'D', '<EOS>']"
CP03087;CP04834,GIPCGESCVFIPCITGIAGCSCKSKVCYRN,GIPCGESCVFIPCITGIAGCSCKSKVCYRN,30,G I P C G E S C V F I P C I T G I A G C S C K S K V C Y R N <EOS>,"['G', 'I', 'P', 'C', 'G', 'E', 'S', 'C', 'V', 'F', 'I', 'P', 'C', 'I', 'T', 'G', 'I', 'A', 'G', 'C', 'S', 'C', 'K', 'S', 'K', 'V', 'C', 'Y', 'R', 'N', '<EOS>']"
CP05689,GIPCGESCVFIPCITSIAGCSCQSKVCYLN,GIPCGESCVFIPCITSIAGCSCQSKVCYLN,30,G I P C G E S C V F I P C I T S I A G C S C Q S K V C Y L N <EOS>,"['G', 'I', 'P', 'C', 'G', 'E', 'S', 'C', 'V', 'F', 'I', 'P', 'C', 'I', 'T', 'S', 'I', 'A', 'G', 'C', 'S', 'C', 'Q', 'S', 'K', 'V', 'C', 'Y', 'L', 'N', '<EOS>']"
CP05655,GIPCGESCVFIPCLTIGCSCSNRVCYRN,GIPCGESCVFIPCLTIGCSCSNRVCYRN,28,G I P C G E S C V F I P C L T I G C S C S N R V C Y R N <EOS> <PAD> <PAD>,"['G', 'I', 'P', 'C', 'G', 'E', 'S', 'C', 'V', 'F', 'I', 'P', 'C', 'L', 'T', 'I', 'G', 'C', 'S', 'C', 'S', 'N', 'R', 'V', 'C', 'Y', 'R', 'N', '<EOS>', '<PAD>', '<PAD>']"
CP02838,GIPCGESCVFIPCLTTVAGCSCKNKVCYRN,GIPCGESCVFIPCLTTVAGCSCKNKVCYRN,30,G I P C G E S C V F I P C L T T V A G C S C K N K V C Y R N <EOS>,"['G', 'I', 'P', 'C', 'G', 'E', 'S', 'C', 'V', 'F', 'I', 'P', 'C', 'L', 'T', 'T', 'V', 'A', 'G', 'C', 'S', 'C', 'K', 'N', 'K', 'V', 'C', 'Y', 'R', 'N', '<EOS>']"
CP03994;CP05315,GIPCGESCVFIPCVTTVIGCSCKDKVCYNN,GIPCGESCVFIPCVTTVIGCSCKDKVCYNN,30,G I P C G E S C V F I P C V T T V I G C S C K D K V C Y N N <EOS>,"['G', 'I', 'P', 'C', 'G', 'E', 'S', 'C', 'V', 'F', 'I', 'P', 'C', 'V', 'T', 'T', 'V', 'I', 'G', 'C', 'S', 'C', 'K', 'D', 'K', 'V', 'C', 'Y', 'N', 'N', '<EOS>']"
CP05625,GIPCGESCVFLPCFIIPGCSCKDKVCYLN,GIPCGESCVFLPCFIIPGCSCKDKVCYLN,29,G I P C G E S C V F L P C F I I P G C S C K D K V C Y L N <EOS> <PAD>,"['G', 'I', 'P', 'C', 'G', 'E', 'S', 'C', 'V', 'F', 'L', 'P', 'C', 'F', 'I', 'I', 'P', 'G', 'C', 'S', 'C', 'K', 'D', 'K', 'V', 'C', 'Y', 'L', 'N', '<EOS>', '<PAD>']"
CP05815,GIPCGESCVWGPCLTSAVGCSCKSKVCYRN,GIPCGESCVWGPCLTSAVGCSCKSKVCYRN,30,G I P C G E S C V W G P C L T S A V G C S C K S K V C Y R N <EOS>,"['G', 'I', 'P', 'C', 'G', 'E', 'S', 'C', 'V', 'W', 'G', 'P', 'C', 'L', 'T', 'S', 'A', 'V', 'G', 'C', 'S', 'C', 'K', 'S', 'K', 'V', 'C', 'Y', 'R', 'N', '<EOS>']"
CP05635,GIPCGESCVWIPCFSIGCSCRSRVCYRN,GIPCGESCVWIPCFSIGCSCRSRVCYRN,28,G I P C G E S C V W I P C F S I G C S C R S R V C Y R N <EOS> <PAD> <PAD>,"['G', 'I', 'P', 'C', 'G', 'E', 'S', 'C', 'V', 'W', 'I', 'P', 'C', 'F', 'S', 'I', 'G', 'C', 'S', 'C', 'R', 'S', 'R', 'V', 'C', 'Y', 'R', 'N', '<EOS>', '<PAD>', '<PAD>']"
CP05320,GIPCGESCVWIPCISGVQGCSCSNKICYRN,GIPCGESCVWIPCISGVQGCSCSNKICYRN,30,G I P C G E S C V W I P C I S G V Q G C S C S N K I C Y R N <EOS>,"['G', 'I', 'P', 'C', 'G', 'E', 'S', 'C', 'V', 'W', 'I', 'P', 'C', 'I', 'S', 'G', 'V', 'Q', 'G', 'C', 'S', 'C', 'S', 'N', 'K', 'I', 'C', 'Y', 'R', 'N', '<EOS>']"
CP05158,GIPCGESCVWIPCISSAIGCSCKNKVCFKN,GIPCGESCVWIPCISSAIGCSCKNKVCFKN,30,G I P C G E S C V W I P C I S S A I G C S C K N K V C F K N <EOS>,"['G', 'I', 'P', 'C', 'G', 'E', 'S', 'C', 'V', 'W', 'I', 'P', 'C', 'I', 'S', 'S', 'A', 'I', 'G', 'C', 'S', 'C', 'K', 'N', 'K', 'V', 'C', 'F', 'K', 'N', '<EOS>']"
CP05496,GIPCGESCVWIPCISSLIGCSCRGKVCYH,GIPCGESCVWIPCISSLIGCSCRGKVCYH,29,G I P C G E S C V W I P C I S S L I G C S C R G K V C Y H <EOS> <PAD>,"['G', 'I', 'P', 'C', 'G', 'E', 'S', 'C', 'V', 'W', 'I', 'P', 'C', 'I', 'S', 'S', 'L', 'I', 'G', 'C', 'S', 'C', 'R', 'G', 'K', 'V', 'C', 'Y', 'H', '<EOS>', '<PAD>']"
CP05738,GIPCGESCVWIPCITGTIGCSCKSKVCYTN,GIPCGESCVWIPCITGTIGCSCKSKVCYTN,30,G I P C G E S C V W I P C I T G T I G C S C K S K V C Y T N <EOS>,"['G', 'I', 'P', 'C', 'G', 'E', 'S', 'C', 'V', 'W', 'I', 'P', 'C', 'I', 'T', 'G', 'T', 'I', 'G', 'C', 'S', 'C', 'K', 'S', 'K', 'V', 'C', 'Y', 'T', 'N', '<EOS>']"
CP05671,GIPCGESCVWIPCLSSAFGCSCRSKVCYRN,GIPCGESCVWIPCLSSAFGCSCRSKVCYRN,30,G I P C G E S C V W I P C L S S A F G C S C R S K V C Y R N <EOS>,"['G', 'I', 'P', 'C', 'G', 'E', 'S', 'C', 'V', 'W', 'I', 'P', 'C', 'L', 'S', 'S', 'A', 'F', 'G', 'C', 'S', 'C', 'R', 'S', 'K', 'V', 'C', 'Y', 'R', 'N', '<EOS>']"
CP04827,GIPCGESCVWIPCLTATIGCSCKSKVCYRN,GIPCGESCVWIPCLTATIGCSCKSKVCYRN,30,G I P C G E S C V W I P C L T A T I G C S C K S K V C Y R N <EOS>,"['G', 'I', 'P', 'C', 'G', 'E', 'S', 'C', 'V', 'W', 'I', 'P', 'C', 'L', 'T', 'A', 'T', 'I', 'G', 'C', 'S', 'C', 'K', 'S', 'K', 'V', 'C', 'Y', 'R', 'N', '<EOS>']"
CP05499,GIPCGESCVWIPCLTSAIGCSCKSKVCYKN,GIPCGESCVWIPCLTSAIGCSCKSKVCYKN,30,G I P C G E S C V W I P C L T S A I G C S C K S K V C Y K N <EOS>,"['G', 'I', 'P', 'C', 'G', 'E', 'S', 'C', 'V', 'W', 'I', 'P', 'C', 'L', 'T', 'S', 'A', 'I', 'G', 'C', 'S', 'C', 'K', 'S', 'K', 'V', 'C', 'Y', 'K', 'N', '<EOS>']"
CP05631,GIPCGESCVWLPCFIVPGCSCNDKVCYLN,GIPCGESCVWLPCFIVPGCSCNDKVCYLN,29,G I P C G E S C V W L P C F I V P G C S C N D K V C Y L N <EOS> <PAD>,"['G', 'I', 'P', 'C', 'G', 'E', 'S', 'C', 'V', 'W', 'L', 'P', 'C', 'F', 'I', 'V', 'P', 'G', 'C', 'S', 'C', 'N', 'D', 'K', 'V', 'C', 'Y', 'L', 'N', '<EOS>', '<PAD>']"
CP05329,GIPCGESCVWMYCITATMGCSCRNKVCYKN,GIPCGESCVWMYCITATMGCSCRNKVCYKN,30,G I P C G E S C V W M Y C I T A T M G C S C R N K V C Y K N <EOS>,"['G', 'I', 'P', 'C', 'G', 'E', 'S', 'C', 'V', 'W', 'M', 'Y', 'C', 'I', 'T', 'A', 'T', 'M', 'G', 'C', 'S', 'C', 'R', 'N', 'K', 'V', 'C', 'Y', 'K', 'N', '<EOS>']"
CP05789,GIPCGESCVYIPCISAVIGCSCSSKVCYRN,GIPCGESCVYIPCISAVIGCSCSSKVCYRN,30,G I P C G E S C V Y I P C I S A V I G C S C S S K V C Y R N <EOS>,"['G', 'I', 'P', 'C', 'G', 'E', 'S', 'C', 'V', 'Y', 'I', 'P', 'C', 'I', 'S', 'A', 'V', 'I', 'G', 'C', 'S', 'C', 'S', 'S', 'K', 'V', 'C', 'Y', 'R', 'N', '<EOS>']"
CP04080;CP05431,GIPCGESCVYIPCITTAIGCSCKNKVCYRN,GIPCGESCVYIPCITTAIGCSCKNKVCYRN,30,G I P C G E S C V Y I P C I T T A I G C S C K N K V C Y R N <EOS>,"['G', 'I', 'P', 'C', 'G', 'E', 'S', 'C', 'V', 'Y', 'I', 'P', 'C', 'I', 'T', 'T', 'A', 'I', 'G', 'C', 'S', 'C', 'K', 'N', 'K', 'V', 'C', 'Y', 'R', 'N', '<EOS>']"
CP02883,GIPCGESCVYIPCTVTALAGCKCKSKVCYN,GIPCGESCVYIPCTVTALAGCKCKSKVCYN,30,G I P C G E S C V Y I P C T V T A L A G C K C K S K V C Y N <EOS>,"['G', 'I', 'P', 'C', 'G', 'E', 'S', 'C', 'V', 'Y', 'I', 'P', 'C', 'T', 'V', 'T', 'A', 'L', 'A', 'G', 'C', 'K', 'C', 'K', 'S', 'K', 'V', 'C', 'Y', 'N', '<EOS>']"
CP05175,GIPCGETCVAFGCWIPGCSCKDKLCYYD,GIPCGETCVAFGCWIPGCSCKDKLCYYD,28,G I P C G E T C V A F G C W I P G C S C K D K L C Y Y D <EOS> <PAD> <PAD>,"['G', 'I', 'P', 'C', 'G', 'E', 'T', 'C', 'V', 'A', 'F', 'G', 'C', 'W', 'I', 'P', 'G', 'C', 'S', 'C', 'K', 'D', 'K', 'L', 'C', 'Y', 'Y', 'D', '<EOS>', '<PAD>', '<PAD>']"
CP05165,GIPCGETCVFMPCISGPMGCSCKHMVCYRN,GIPCGETCVFMPCISGPMGCSCKHMVCYRN,30,G I P C G E T C V F M P C I S G P M G C S C K H M V C Y R N <EOS>,"['G', 'I', 'P', 'C', 'G', 'E', 'T', 'C', 'V', 'F', 'M', 'P', 'C', 'I', 'S', 'G', 'P', 'M', 'G', 'C', 'S', 'C', 'K', 'H', 'M', 'V', 'C', 'Y', 'R', 'N', '<EOS>']"
CP05782,GIPCGETCVFSGCYSVTFGCACEKRVCYKN,GIPCGETCVFSGCYSVTFGCACEKRVCYKN,30,G I P C G E T C V F S G C Y S V T F G C A C E K R V C Y K N <EOS>,"['G', 'I', 'P', 'C', 'G', 'E', 'T', 'C', 'V', 'F', 'S', 'G', 'C', 'Y', 'S', 'V', 'T', 'F', 'G', 'C', 'A', 'C', 'E', 'K', 'R', 'V', 'C', 'Y', 'K', 'N', '<EOS>']"
CP04079;CP05430,GIPICGETCFFGKCNTPKCTCNKPLCYKN,GIPICGETCFFGKCNTPKCTCNKPLCYKN,29,G I P I C G E T C F F G K C N T P K C T C N K P L C Y K N <EOS> <PAD>,"['G', 'I', 'P', 'I', 'C', 'G', 'E', 'T', 'C', 'F', 'F', 'G', 'K', 'C', 'N', 'T', 'P', 'K', 'C', 'T', 'C', 'N', 'K', 'P', 'L', 'C', 'Y', 'K', 'N', '<EOS>', '<PAD>']"
CP04092;CP05375,GIPICGETCTIGTCNTPGCTCSWPVCTRD,GIPICGETCTIGTCNTPGCTCSWPVCTRD,29,G I P I C G E T C T I G T C N T P G C T C S W P V C T R D <EOS> <PAD>,"['G', 'I', 'P', 'I', 'C', 'G', 'E', 'T', 'C', 'T', 'I', 'G', 'T', 'C', 'N', 'T', 'P', 'G', 'C', 'T', 'C', 'S', 'W', 'P', 'V', 'C', 'T', 'R', 'D', '<EOS>', '<PAD>']"
CP05381,GIPTCGETCFKGKCYTPGCSCSYPICKKD,GIPTCGETCFKGKCYTPGCSCSYPICKKD,29,G I P T C G E T C F K G K C Y T P G C S C S Y P I C K K D <EOS> <PAD>,"['G', 'I', 'P', 'T', 'C', 'G', 'E', 'T', 'C', 'F', 'K', 'G', 'K', 'C', 'Y', 'T', 'P', 'G', 'C', 'S', 'C', 'S', 'Y', 'P', 'I', 'C', 'K', 'K', 'D', '<EOS>', '<PAD>']"
CP04073;CP05424,GIPTCGETCTLGTCNTPGCTCSWPICTKN,GIPTCGETCTLGTCNTPGCTCSWPICTKN,29,G I P T C G E T C T L G T C N T P G C T C S W P I C T K N <EOS> <PAD>,"['G', 'I', 'P', 'T', 'C', 'G', 'E', 'T', 'C', 'T', 'L', 'G', 'T', 'C', 'N', 'T', 'P', 'G', 'C', 'T', 'C', 'S', 'W', 'P', 'I', 'C', 'T', 'K', 'N', '<EOS>', '<PAD>']"
CP05418,GIPVCGETCAFGTCYTGGCSCSWPVCTRN,GIPVCGETCAFGTCYTGGCSCSWPVCTRN,29,G I P V C G E T C A F G T C Y T G G C S C S W P V C T R N <EOS> <PAD>,"['G', 'I', 'P', 'V', 'C', 'G', 'E', 'T', 'C', 'A', 'F', 'G', 'T', 'C', 'Y', 'T', 'G', 'G', 'C', 'S', 'C', 'S', 'W', 'P', 'V', 'C', 'T', 'R', 'N', '<EOS>', '<PAD>']"
CP04134;CP05441,GIPVCGETCTLGTCYTAGCSCSWPVCTRN,GIPVCGETCTLGTCYTAGCSCSWPVCTRN,29,G I P V C G E T C T L G T C Y T A G C S C S W P V C T R N <EOS> <PAD>,"['G', 'I', 'P', 'V', 'C', 'G', 'E', 'T', 'C', 'T', 'L', 'G', 'T', 'C', 'Y', 'T', 'A', 'G', 'C', 'S', 'C', 'S', 'W', 'P', 'V', 'C', 'T', 'R', 'N', '<EOS>', '<PAD>']"
CP03548,GIRCPKSWKCKAFKQRVLKRLLAMLRQHAF,GIRCPKSWKCKAFKQRVLKRLLAMLRQHAF,30,G I R C P K S W K C K A F K Q R V L K R L L A M L R Q H A F <EOS>,"['G', 'I', 'R', 'C', 'P', 'K', 'S', 'W', 'K', 'C', 'K', 'A', 'F', 'K', 'Q', 'R', 'V', 'L', 'K', 'R', 'L', 'L', 'A', 'M', 'L', 'R', 'Q', 'H', 'A', 'F', '<EOS>']"
CP06993,GIRGNCCMFHTCPIDYSRFNCP,GIRGNCCMFHTCPIDYSRFNCP,22,G I R G N C C M F H T C P I D Y S R F N C P <EOS> <PAD> <PAD> <PAD> <PAD> <PAD> <PAD> <PAD> <PAD>,"['G', 'I', 'R', 'G', 'N', 'C', 'C', 'M', 'F', 'H', 'T', 'C', 'P', 'I', 'D', 'Y', 'S', 'R', 'F', 'N', 'C', 'P', '<EOS>', '<PAD>', '<PAD>', '<PAD>', '<PAD>', '<PAD>', '<PAD>', '<PAD>', '<PAD>']"
CP02249;CP02254,GISASPWGNGTGLDWKLLTG,GISASPWGNGTGLDWKLLTG,20,G I S A S P W G N G T G L D W K L L T G <EOS> <PAD> <PAD> <PAD> <PAD> <PAD> <PAD> <PAD> <PAD> <PAD> <PAD>,"['G', 'I', 'S', 'A', 'S', 'P', 'W', 'G', 'N', 'G', 'T', 'G', 'L', 'D', 'W', 'K', 'L', 'L', 'T', 'G', '<EOS>', '<PAD>', '<PAD>', '<PAD>', '<PAD>', '<PAD>', '<PAD>', '<PAD>', '<PAD>', '<PAD>', '<PAD>']"
CP05525,GISCAETCVKLPCLSSVIGCTCQNKRCYKD,GISCAETCVKLPCLSSVIGCTCQNKRCYKD,30,G I S C A E T C V K L P C L S S V I G C T C Q N K R C Y K D <EOS>,"['G', 'I', 'S', 'C', 'A', 'E', 'T', 'C', 'V', 'K', 'L', 'P', 'C', 'L', 'S', 'S', 'V', 'I', 'G', 'C', 'T', 'C', 'Q', 'N', 'K', 'R', 'C', 'Y', 'K', 'D', '<EOS>']"
CP05613,GISCGESCVFIPCITGIAGCSCKNKVCYLN,GISCGESCVFIPCITGIAGCSCKNKVCYLN,30,G I S C G E S C V F I P C I T G I A G C S C K N K V C Y L N <EOS>,"['G', 'I', 'S', 'C', 'G', 'E', 'S', 'C', 'V', 'F', 'I', 'P', 'C', 'I', 'T', 'G', 'I', 'A', 'G', 'C', 'S', 'C', 'K', 'N', 'K', 'V', 'C', 'Y', 'L', 'N', '<EOS>']"
CP05526,GISCGETCVLLPCLSSVIGCTCQNKRCYKN,GISCGETCVLLPCLSSVIGCTCQNKRCYKN,30,G I S C G E T C V L L P C L S S V I G C T C Q N K R C Y K N <EOS>,"['G', 'I', 'S', 'C', 'G', 'E', 'T', 'C', 'V', 'L', 'L', 'P', 'C', 'L', 'S', 'S', 'V', 'I', 'G', 'C', 'T', 'C', 'Q', 'N', 'K', 'R', 'C', 'Y', 'K', 'N', '<EOS>']"
CP05751,GIVYCGETCGGTRCYTPGCSCRYPYCSKN,GIVYCGETCGGTRCYTPGCSCRYPYCSKN,29,G I V Y C G E T C G G T R C Y T P G C S C R Y P Y C S K N <EOS> <PAD>,"['G', 'I', 'V', 'Y', 'C', 'G', 'E', 'T', 'C', 'G', 'G', 'T', 'R', 'C', 'Y', 'T', 'P', 'G', 'C', 'S', 'C', 'R', 'Y', 'P', 'Y', 'C', 'S', 'K', 'N', '<EOS>', '<PAD>']"
CP06940,GIWCDPPCPKGETCRGGECSDEFNSDV,GIWCDPPCPKGETCRGGECSDEFNSDV,27,G I W C D P P C P K G E T C R G G E C S D E F N S D V <EOS> <PAD> <PAD> <PAD>,"['G', 'I', 'W', 'C', 'D', 'P', 'P', 'C', 'P', 'K', 'G', 'E', 'T', 'C', 'R', 'G', 'G', 'E', 'C', 'S', 'D', 'E', 'F', 'N', 'S', 'D', 'V', '<EOS>', '<PAD>', '<PAD>', '<PAD>']"
CP05771,GKFCFETCRSSGCASGTFGCSCEGTMCRGN,GKFCFETCRSSGCASGTFGCSCEGTMCRGN,30,G K F C F E T C R S S G C A S G T F G C S C E G T M C R G N <EOS>,"['G', 'K', 'F', 'C', 'F', 'E', 'T', 'C', 'R', 'S', 'S', 'G', 'C', 'A', 'S', 'G', 'T', 'F', 'G', 'C', 'S', 'C', 'E', 'G', 'T', 'M', 'C', 'R', 'G', 'N', '<EOS>']"
CP05799,GKFCSETCMSFPCFTKAIGCSCESKRCYKN,GKFCSETCMSFPCFTKAIGCSCESKRCYKN,30,G K F C S E T C M S F P C F T K A I G C S C E S K R C Y K N <EOS>,"['G', 'K', 'F', 'C', 'S', 'E', 'T', 'C', 'M', 'S', 'F', 'P', 'C', 'F', 'T', 'K', 'A', 'I', 'G', 'C', 'S', 'C', 'E', 'S', 'K', 'R', 'C', 'Y', 'K', 'N', '<EOS>']"
CP06077,GKPCHEEGQLCDPFLQNCCLGWNCVFVCI,GKPCHEEGQLCDPFLQNCCLGWNCVFVCI,29,G K P C H E E G Q L C D P F L Q N C C L G W N C V F V C I <EOS> <PAD>,"['G', 'K', 'P', 'C', 'H', 'E', 'E', 'G', 'Q', 'L', 'C', 'D', 'P', 'F', 'L', 'Q', 'N', 'C', 'C', 'L', 'G', 'W', 'N', 'C', 'V', 'F', 'V', 'C', 'I', '<EOS>', '<PAD>']"
CP04101;CP05438,GKPICGETCAKGKCYTPKCTCNWPICYKN,GKPICGETCAKGKCYTPKCTCNWPICYKN,29,G K P I C G E T C A K G K C Y T P K C T C N W P I C Y K N <EOS> <PAD>,"['G', 'K', 'P', 'I', 'C', 'G', 'E', 'T', 'C', 'A', 'K', 'G', 'K', 'C', 'Y', 'T', 'P', 'K', 'C', 'T', 'C', 'N', 'W', 'P', 'I', 'C', 'Y', 'K', 'N', '<EOS>', '<PAD>']"
CP04095;CP05378,GKPICGETCFKGKCYTPGCTCSYPICKKD,GKPICGETCFKGKCYTPGCTCSYPICKKD,29,G K P I C G E T C F K G K C Y T P G C T C S Y P I C K K D <EOS> <PAD>,"['G', 'K', 'P', 'I', 'C', 'G', 'E', 'T', 'C', 'F', 'K', 'G', 'K', 'C', 'Y', 'T', 'P', 'G', 'C', 'T', 'C', 'S', 'Y', 'P', 'I', 'C', 'K', 'K', 'D', '<EOS>', '<PAD>']"
CP05523,GKPICGETCLLGKCYTPGCTCGKRVLCYKN,GKPICGETCLLGKCYTPGCTCGKRVLCYKN,30,G K P I C G E T C L L G K C Y T P G C T C G K R V L C Y K N <EOS>,"['G', 'K', 'P', 'I', 'C', 'G', 'E', 'T', 'C', 'L', 'L', 'G', 'K', 'C', 'Y', 'T', 'P', 'G', 'C', 'T', 'C', 'G', 'K', 'R', 'V', 'L', 'C', 'Y', 'K', 'N', '<EOS>']"
CP05475,GLFCGEYCVQFPCRSPGCICLRGLCVRN,GLFCGEYCVQFPCRSPGCICLRGLCVRN,28,G L F C G E Y C V Q F P C R S P G C I C L R G L C V R N <EOS> <PAD> <PAD>,"['G', 'L', 'F', 'C', 'G', 'E', 'Y', 'C', 'V', 'Q', 'F', 'P', 'C', 'R', 'S', 'P', 'G', 'C', 'I', 'C', 'L', 'R', 'G', 'L', 'C', 'V', 'R', 'N', '<EOS>', '<PAD>', '<PAD>']"
CP03285,GLFGKILGVGKKVLCGLSGMC,GLFGKILGVGKKVLCGLSGMC,21,G L F G K I L G V G K K V L C G L S G M C <EOS> <PAD> <PAD> <PAD> <PAD> <PAD> <PAD> <PAD> <PAD> <PAD>,"['G', 'L', 'F', 'G', 'K', 'I', 'L', 'G', 'V', 'G', 'K', 'K', 'V', 'L', 'C', 'G', 'L', 'S', 'G', 'M', 'C', '<EOS>', '<PAD>', '<PAD>', '<PAD>', '<PAD>', '<PAD>', '<PAD>', '<PAD>', '<PAD>', '<PAD>']"
CP03459,GLFLDTLKGKDVAGKLEGLKCKITGCKLP,GLFLDTLKGKDVAGKLEGLKCKITGCKLP,29,G L F L D T L K G K D V A G K L E G L K C K I T G C K L P <EOS> <PAD>,"['G', 'L', 'F', 'L', 'D', 'T', 'L', 'K', 'G', 'K', 'D', 'V', 'A', 'G', 'K', 'L', 'E', 'G', 'L', 'K', 'C', 'K', 'I', 'T', 'G', 'C', 'K', 'L', 'P', '<EOS>', '<PAD>']"
CP06285,GLFSTLFHADCCENPACRHTQGC,GLFSTLFHADCCENPACRHTQGC,23,G L F S T L F H A D C C E N P A C R H T Q G C <EOS> <PAD> <PAD> <PAD> <PAD> <PAD> <PAD> <PAD>,"['G', 'L', 'F', 'S', 'T', 'L', 'F', 'H', 'A', 'D', 'C', 'C', 'E', 'N', 'P', 'A', 'C', 'R', 'H', 'T', 'Q', 'G', 'C', '<EOS>', '<PAD>', '<PAD>', '<PAD>', '<PAD>', '<PAD>', '<PAD>', '<PAD>']"
CP03293,GLISGILGVGKKLVCGLSGLC,GLISGILGVGKKLVCGLSGLC,21,G L I S G I L G V G K K L V C G L S G L C <EOS> <PAD> <PAD> <PAD> <PAD> <PAD> <PAD> <PAD> <PAD> <PAD>,"['G', 'L', 'I', 'S', 'G', 'I', 'L', 'G', 'V', 'G', 'K', 'K', 'L', 'V', 'C', 'G', 'L', 'S', 'G', 'L', 'C', '<EOS>', '<PAD>', '<PAD>', '<PAD>', '<PAD>', '<PAD>', '<PAD>', '<PAD>', '<PAD>', '<PAD>']"
CP03466,GLLDAIKDTAQNLFANVLDKIKCKFTKC,GLLDAIKDTAQNLFANVLDKIKCKFTKC,28,G L L D A I K D T A Q N L F A N V L D K I K C K F T K C <EOS> <PAD> <PAD>,"['G', 'L', 'L', 'D', 'A', 'I', 'K', 'D', 'T', 'A', 'Q', 'N', 'L', 'F', 'A', 'N', 'V', 'L', 'D', 'K', 'I', 'K', 'C', 'K', 'F', 'T', 'K', 'C', '<EOS>', '<PAD>', '<PAD>']"
CP03280,GLLGSIFGAGKKIACALSGLC,GLLGSIFGAGKKIACALSGLC,21,G L L G S I F G A G K K I A C A L S G L C <EOS> <PAD> <PAD> <PAD> <PAD> <PAD> <PAD> <PAD> <PAD> <PAD>,"['G', 'L', 'L', 'G', 'S', 'I', 'F', 'G', 'A', 'G', 'K', 'K', 'I', 'A', 'C', 'A', 'L', 'S', 'G', 'L', 'C', '<EOS>', '<PAD>', '<PAD>', '<PAD>', '<PAD>', '<PAD>', '<PAD>', '<PAD>', '<PAD>', '<PAD>']"
CP03287,GLLSGILGAGKHIICGLSGLC,GLLSGILGAGKHIICGLSGLC,21,G L L S G I L G A G K H I I C G L S G L C <EOS> <PAD> <PAD> <PAD> <PAD> <PAD> <PAD> <PAD> <PAD> <PAD>,"['G', 'L', 'L', 'S', 'G', 'I', 'L', 'G', 'A', 'G', 'K', 'H', 'I', 'I', 'C', 'G', 'L', 'S', 'G', 'L', 'C', '<EOS>', '<PAD>', '<PAD>', '<PAD>', '<PAD>', '<PAD>', '<PAD>', '<PAD>', '<PAD>', '<PAD>']"
CP03262,GLLSGILGAGKHIVCGLTGCAKA,GLLSGILGAGKHIVCGLTGCAKA,23,G L L S G I L G A G K H I V C G L T G C A K A <EOS> <PAD> <PAD> <PAD> <PAD> <PAD> <PAD> <PAD>,"['G', 'L', 'L', 'S', 'G', 'I', 'L', 'G', 'A', 'G', 'K', 'H', 'I', 'V', 'C', 'G', 'L', 'T', 'G', 'C', 'A', 'K', 'A', '<EOS>', '<PAD>', '<PAD>', '<PAD>', '<PAD>', '<PAD>', '<PAD>', '<PAD>']"
CP03288,GLLSGILGAGKQKVCGLSGLC,GLLSGILGAGKQKVCGLSGLC,21,G L L S G I L G A G K Q K V C G L S G L C <EOS> <PAD> <PAD> <PAD> <PAD> <PAD> <PAD> <PAD> <PAD> <PAD>,"['G', 'L', 'L', 'S', 'G', 'I', 'L', 'G', 'A', 'G', 'K', 'Q', 'K', 'V', 'C', 'G', 'L', 'S', 'G', 'L', 'C', '<EOS>', '<PAD>', '<PAD>', '<PAD>', '<PAD>', '<PAD>', '<PAD>', '<PAD>', '<PAD>', '<PAD>']"
CP03290,GLLSGVLGVGKKIVCGLSGLC,GLLSGVLGVGKKIVCGLSGLC,21,G L L S G V L G V G K K I V C G L S G L C <EOS> <PAD> <PAD> <PAD> <PAD> <PAD> <PAD> <PAD> <PAD> <PAD>,"['G', 'L', 'L', 'S', 'G', 'V', 'L', 'G', 'V', 'G', 'K', 'K', 'I', 'V', 'C', 'G', 'L', 'S', 'G', 'L', 'C', '<EOS>', '<PAD>', '<PAD>', '<PAD>', '<PAD>', '<PAD>', '<PAD>', '<PAD>', '<PAD>', '<PAD>']"
CP03307,GLLSKVLGVGKKVLCGVSGLC,GLLSKVLGVGKKVLCGVSGLC,21,G L L S K V L G V G K K V L C G V S G L C <EOS> <PAD> <PAD> <PAD> <PAD> <PAD> <PAD> <PAD> <PAD> <PAD>,"['G', 'L', 'L', 'S', 'K', 'V', 'L', 'G', 'V', 'G', 'K', 'K', 'V', 'L', 'C', 'G', 'V', 'S', 'G', 'L', 'C', '<EOS>', '<PAD>', '<PAD>', '<PAD>', '<PAD>', '<PAD>', '<PAD>', '<PAD>', '<PAD>', '<PAD>']"
CP03457,GLMDTVKNKNLAGQLLDTIKCKMTGC,GLMDTVKNKNLAGQLLDTIKCKMTGC,26,G L M D T V K N K N L A G Q L L D T I K C K M T G C <EOS> <PAD> <PAD> <PAD> <PAD>,"['G', 'L', 'M', 'D', 'T', 'V', 'K', 'N', 'K', 'N', 'L', 'A', 'G', 'Q', 'L', 'L', 'D', 'T', 'I', 'K', 'C', 'K', 'M', 'T', 'G', 'C', '<EOS>', '<PAD>', '<PAD>', '<PAD>', '<PAD>']"
CP03462,GLMDVFKGKNLLASALDKIRCKVTKC,GLMDVFKGKNLLASALDKIRCKVTKC,26,G L M D V F K G K N L L A S A L D K I R C K V T K C <EOS> <PAD> <PAD> <PAD> <PAD>,"['G', 'L', 'M', 'D', 'V', 'F', 'K', 'G', 'K', 'N', 'L', 'L', 'A', 'S', 'A', 'L', 'D', 'K', 'I', 'R', 'C', 'K', 'V', 'T', 'K', 'C', '<EOS>', '<PAD>', '<PAD>', '<PAD>', '<PAD>']"
CP05755,GLNCGESCWGFHCDRHDCTCGLTWPYCSKN,GLNCGESCWGFHCDRHDCTCGLTWPYCSKN,30,G L N C G E S C W G F H C D R H D C T C G L T W P Y C S K N <EOS>,"['G', 'L', 'N', 'C', 'G', 'E', 'S', 'C', 'W', 'G', 'F', 'H', 'C', 'D', 'R', 'H', 'D', 'C', 'T', 'C', 'G', 'L', 'T', 'W', 'P', 'Y', 'C', 'S', 'K', 'N', '<EOS>']"
CP05795,GLNCGETCWGFHCDSPGCSCGLTWPYCSKN,GLNCGETCWGFHCDSPGCSCGLTWPYCSKN,30,G L N C G E T C W G F H C D S P G C S C G L T W P Y C S K N <EOS>,"['G', 'L', 'N', 'C', 'G', 'E', 'T', 'C', 'W', 'G', 'F', 'H', 'C', 'D', 'S', 'P', 'G', 'C', 'S', 'C', 'G', 'L', 'T', 'W', 'P', 'Y', 'C', 'S', 'K', 'N', '<EOS>']"
CP05768;CP05769,GLNCGETCWGFSCDRDDCSCGFTWPYCSKN,GLNCGETCWGFSCDRDDCSCGFTWPYCSKN,30,G L N C G E T C W G F S C D R D D C S C G F T W P Y C S K N <EOS>,"['G', 'L', 'N', 'C', 'G', 'E', 'T', 'C', 'W', 'G', 'F', 'S', 'C', 'D', 'R', 'D', 'D', 'C', 'S', 'C', 'G', 'F', 'T', 'W', 'P', 'Y', 'C', 'S', 'K', 'N', '<EOS>']"
CP05770,GLNCGETCWGFTCNRADCSCGFTYPYCSKN,GLNCGETCWGFTCNRADCSCGFTYPYCSKN,30,G L N C G E T C W G F T C N R A D C S C G F T Y P Y C S K N <EOS>,"['G', 'L', 'N', 'C', 'G', 'E', 'T', 'C', 'W', 'G', 'F', 'T', 'C', 'N', 'R', 'A', 'D', 'C', 'S', 'C', 'G', 'F', 'T', 'Y', 'P', 'Y', 'C', 'S', 'K', 'N', '<EOS>']"
CP05413,GLPCAESCVFIPCTITAILGCSCRDRVCYD,GLPCAESCVFIPCTITAILGCSCRDRVCYD,30,G L P C A E S C V F I P C T I T A I L G C S C R D R V C Y D <EOS>,"['G', 'L', 'P', 'C', 'A', 'E', 'S', 'C', 'V', 'F', 'I', 'P', 'C', 'T', 'I', 'T', 'A', 'I', 'L', 'G', 'C', 'S', 'C', 'R', 'D', 'R', 'V', 'C', 'Y', 'D', '<EOS>']"
CP05323,GLPCGESCIWIECISGAIGCSCRNKVCYRN,GLPCGESCIWIECISGAIGCSCRNKVCYRN,30,G L P C G E S C I W I E C I S G A I G C S C R N K V C Y R N <EOS>,"['G', 'L', 'P', 'C', 'G', 'E', 'S', 'C', 'I', 'W', 'I', 'E', 'C', 'I', 'S', 'G', 'A', 'I', 'G', 'C', 'S', 'C', 'R', 'N', 'K', 'V', 'C', 'Y', 'R', 'N', '<EOS>']"
CP03082;CP04840,GLPCGESCVFIPCITTVVGCSCKNKVCYND,GLPCGESCVFIPCITTVVGCSCKNKVCYND,30,G L P C G E S C V F I P C I T T V V G C S C K N K V C Y N D <EOS>,"['G', 'L', 'P', 'C', 'G', 'E', 'S', 'C', 'V', 'F', 'I', 'P', 'C', 'I', 'T', 'T', 'V', 'V', 'G', 'C', 'S', 'C', 'K', 'N', 'K', 'V', 'C', 'Y', 'N', 'D', '<EOS>']"
CP05518,GLPCGESCVFLPCLTSALGCSCKSKVCYRN,GLPCGESCVFLPCLTSALGCSCKSKVCYRN,30,G L P C G E S C V F L P C L T S A L G C S C K S K V C Y R N <EOS>,"['G', 'L', 'P', 'C', 'G', 'E', 'S', 'C', 'V', 'F', 'L', 'P', 'C', 'L', 'T', 'S', 'A', 'L', 'G', 'C', 'S', 'C', 'K', 'S', 'K', 'V', 'C', 'Y', 'R', 'N', '<EOS>']"
CP04060;CP04863,GLPCGESCVYIPCISTVLGCSCSNKVCYRD,GLPCGESCVYIPCISTVLGCSCSNKVCYRD,30,G L P C G E S C V Y I P C I S T V L G C S C S N K V C Y R D <EOS>,"['G', 'L', 'P', 'C', 'G', 'E', 'S', 'C', 'V', 'Y', 'I', 'P', 'C', 'I', 'S', 'T', 'V', 'L', 'G', 'C', 'S', 'C', 'S', 'N', 'K', 'V', 'C', 'Y', 'R', 'D', '<EOS>']"
CP02881,GLPCGETCFTGKCYTPGCSCSYPICKKIN,GLPCGETCFTGKCYTPGCSCSYPICKKIN,29,G L P C G E T C F T G K C Y T P G C S C S Y P I C K K I N <EOS> <PAD>,"['G', 'L', 'P', 'C', 'G', 'E', 'T', 'C', 'F', 'T', 'G', 'K', 'C', 'Y', 'T', 'P', 'G', 'C', 'S', 'C', 'S', 'Y', 'P', 'I', 'C', 'K', 'K', 'I', 'N', '<EOS>', '<PAD>']"
CP03005,GLPICGESCVGGTCNTPGCTCTWPVCTRN,GLPICGESCVGGTCNTPGCTCTWPVCTRN,29,G L P I C G E S C V G G T C N T P G C T C T W P V C T R N <EOS> <PAD>,"['G', 'L', 'P', 'I', 'C', 'G', 'E', 'S', 'C', 'V', 'G', 'G', 'T', 'C', 'N', 'T', 'P', 'G', 'C', 'T', 'C', 'T', 'W', 'P', 'V', 'C', 'T', 'R', 'N', '<EOS>', '<PAD>']"
CP04077;CP05428,GLPICGETCFFGKCNTPKCTCINPICYKN,GLPICGETCFFGKCNTPKCTCINPICYKN,29,G L P I C G E T C F F G K C N T P K C T C I N P I C Y K N <EOS> <PAD>,"['G', 'L', 'P', 'I', 'C', 'G', 'E', 'T', 'C', 'F', 'F', 'G', 'K', 'C', 'N', 'T', 'P', 'K', 'C', 'T', 'C', 'I', 'N', 'P', 'I', 'C', 'Y', 'K', 'N', '<EOS>', '<PAD>']"
CP05182,GLPICGETCFGGTCNTPGCICDPWPVCTRD,GLPICGETCFGGTCNTPGCICDPWPVCTRD,30,G L P I C G E T C F G G T C N T P G C I C D P W P V C T R D <EOS>,"['G', 'L', 'P', 'I', 'C', 'G', 'E', 'T', 'C', 'F', 'G', 'G', 'T', 'C', 'N', 'T', 'P', 'G', 'C', 'I', 'C', 'D', 'P', 'W', 'P', 'V', 'C', 'T', 'R', 'D', '<EOS>']"
CP04969,GLPICGETCFGGTCNTPNCVCDPWPICTNN,GLPICGETCFGGTCNTPNCVCDPWPICTNN,30,G L P I C G E T C F G G T C N T P N C V C D P W P I C T N N <EOS>,"['G', 'L', 'P', 'I', 'C', 'G', 'E', 'T', 'C', 'F', 'G', 'G', 'T', 'C', 'N', 'T', 'P', 'N', 'C', 'V', 'C', 'D', 'P', 'W', 'P', 'I', 'C', 'T', 'N', 'N', '<EOS>']"
CP03009;CP04874,GLPICGETCFKTKCYTKGCSCSYPVCKRN,GLPICGETCFKTKCYTKGCSCSYPVCKRN,29,G L P I C G E T C F K T K C Y T K G C S C S Y P V C K R N <EOS> <PAD>,"['G', 'L', 'P', 'I', 'C', 'G', 'E', 'T', 'C', 'F', 'K', 'T', 'K', 'C', 'Y', 'T', 'K', 'G', 'C', 'S', 'C', 'S', 'Y', 'P', 'V', 'C', 'K', 'R', 'N', '<EOS>', '<PAD>']"
CP04074;CP05425,GLPICGETCFTGKCYTPGCTCSYPICKKN,GLPICGETCFTGKCYTPGCTCSYPICKKN,29,G L P I C G E T C F T G K C Y T P G C T C S Y P I C K K N <EOS> <PAD>,"['G', 'L', 'P', 'I', 'C', 'G', 'E', 'T', 'C', 'F', 'T', 'G', 'K', 'C', 'Y', 'T', 'P', 'G', 'C', 'T', 'C', 'S', 'Y', 'P', 'I', 'C', 'K', 'K', 'N', '<EOS>', '<PAD>']"
CP04110;CP04111;CP05446,GLPICGETCFTGTCNTPGCSCTYPICTRD,GLPICGETCFTGTCNTPGCSCTYPICTRD,29,G L P I C G E T C F T G T C N T P G C S C T Y P I C T R D <EOS> <PAD>,"['G', 'L', 'P', 'I', 'C', 'G', 'E', 'T', 'C', 'F', 'T', 'G', 'T', 'C', 'N', 'T', 'P', 'G', 'C', 'S', 'C', 'T', 'Y', 'P', 'I', 'C', 'T', 'R', 'D', '<EOS>', '<PAD>']"
CP05282,GLPICGETCFTGTCNTPGCTCSYPVCTRN,GLPICGETCFTGTCNTPGCTCSYPVCTRN,29,G L P I C G E T C F T G T C N T P G C T C S Y P V C T R N <EOS> <PAD>,"['G', 'L', 'P', 'I', 'C', 'G', 'E', 'T', 'C', 'F', 'T', 'G', 'T', 'C', 'N', 'T', 'P', 'G', 'C', 'T', 'C', 'S', 'Y', 'P', 'V', 'C', 'T', 'R', 'N', '<EOS>', '<PAD>']"
CP05522,GLPICGETCLLGKCYTPGCSCRRPVCYKN,GLPICGETCLLGKCYTPGCSCRRPVCYKN,29,G L P I C G E T C L L G K C Y T P G C S C R R P V C Y K N <EOS> <PAD>,"['G', 'L', 'P', 'I', 'C', 'G', 'E', 'T', 'C', 'L', 'L', 'G', 'K', 'C', 'Y', 'T', 'P', 'G', 'C', 'S', 'C', 'R', 'R', 'P', 'V', 'C', 'Y', 'K', 'N', '<EOS>', '<PAD>']"
CP05524,GLPICGETCTLGTCNTPGCTCSWPVCFRN,GLPICGETCTLGTCNTPGCTCSWPVCFRN,29,G L P I C G E T C T L G T C N T P G C T C S W P V C F R N <EOS> <PAD>,"['G', 'L', 'P', 'I', 'C', 'G', 'E', 'T', 'C', 'T', 'L', 'G', 'T', 'C', 'N', 'T', 'P', 'G', 'C', 'T', 'C', 'S', 'W', 'P', 'V', 'C', 'F', 'R', 'N', '<EOS>', '<PAD>']"
CP04870,GLPICGETCTLGTCYTVGCTCSWPICTRN,GLPICGETCTLGTCYTVGCTCSWPICTRN,29,G L P I C G E T C T L G T C Y T V G C T C S W P I C T R N <EOS> <PAD>,"['G', 'L', 'P', 'I', 'C', 'G', 'E', 'T', 'C', 'T', 'L', 'G', 'T', 'C', 'Y', 'T', 'V', 'G', 'C', 'T', 'C', 'S', 'W', 'P', 'I', 'C', 'T', 'R', 'N', '<EOS>', '<PAD>']"
CP05520,GLPICGETCVFGKCNTPGCSCRRPICYKN,GLPICGETCVFGKCNTPGCSCRRPICYKN,29,G L P I C G E T C V F G K C N T P G C S C R R P I C Y K N <EOS> <PAD>,"['G', 'L', 'P', 'I', 'C', 'G', 'E', 'T', 'C', 'V', 'F', 'G', 'K', 'C', 'N', 'T', 'P', 'G', 'C', 'S', 'C', 'R', 'R', 'P', 'I', 'C', 'Y', 'K', 'N', '<EOS>', '<PAD>']"
CP02843,GLPICGETCVGGSCNTPGCSCSWPVCTRN,GLPICGETCVGGSCNTPGCSCSWPVCTRN,29,G L P I C G E T C V G G S C N T P G C S C S W P V C T R N <EOS> <PAD>,"['G', 'L', 'P', 'I', 'C', 'G', 'E', 'T', 'C', 'V', 'G', 'G', 'S', 'C', 'N', 'T', 'P', 'G', 'C', 'S', 'C', 'S', 'W', 'P', 'V', 'C', 'T', 'R', 'N', '<EOS>', '<PAD>']"
CP05257,GLPLCGETCAGGTCNTPGCSCSWPVCVRN,GLPLCGETCAGGTCNTPGCSCSWPVCVRN,29,G L P L C G E T C A G G T C N T P G C S C S W P V C V R N <EOS> <PAD>,"['G', 'L', 'P', 'L', 'C', 'G', 'E', 'T', 'C', 'A', 'G', 'G', 'T', 'C', 'N', 'T', 'P', 'G', 'C', 'S', 'C', 'S', 'W', 'P', 'V', 'C', 'V', 'R', 'N', '<EOS>', '<PAD>']"
CP05260,GLPLCGETCVGGTCNTPACSCSWPVCTRN,GLPLCGETCVGGTCNTPACSCSWPVCTRN,29,G L P L C G E T C V G G T C N T P A C S C S W P V C T R N <EOS> <PAD>,"['G', 'L', 'P', 'L', 'C', 'G', 'E', 'T', 'C', 'V', 'G', 'G', 'T', 'C', 'N', 'T', 'P', 'A', 'C', 'S', 'C', 'S', 'W', 'P', 'V', 'C', 'T', 'R', 'N', '<EOS>', '<PAD>']"
CP03530,GLPRKILCAIAKKKGKCKGPLKLVCKC,GLPRKILCAIAKKKGKCKGPLKLVCKC,27,G L P R K I L C A I A K K K G K C K G P L K L V C K C <EOS> <PAD> <PAD> <PAD>,"['G', 'L', 'P', 'R', 'K', 'I', 'L', 'C', 'A', 'I', 'A', 'K', 'K', 'K', 'G', 'K', 'C', 'K', 'G', 'P', 'L', 'K', 'L', 'V', 'C', 'K', 'C', '<EOS>', '<PAD>', '<PAD>', '<PAD>']"
CP02922,GLPTCGETCFGGTCNTPGCSCSSWPICTRD,GLPTCGETCFGGTCNTPGCSCSSWPICTRD,30,G L P T C G E T C F G G T C N T P G C S C S S W P I C T R D <EOS>,"['G', 'L', 'P', 'T', 'C', 'G', 'E', 'T', 'C', 'F', 'G', 'G', 'T', 'C', 'N', 'T', 'P', 'G', 'C', 'S', 'C', 'S', 'S', 'W', 'P', 'I', 'C', 'T', 'R', 'D', '<EOS>']"
CP05173,GLPTCGETCFGGTCNTPGCTCDPFPVCTHD,GLPTCGETCFGGTCNTPGCTCDPFPVCTHD,30,G L P T C G E T C F G G T C N T P G C T C D P F P V C T H D <EOS>,"['G', 'L', 'P', 'T', 'C', 'G', 'E', 'T', 'C', 'F', 'G', 'G', 'T', 'C', 'N', 'T', 'P', 'G', 'C', 'T', 'C', 'D', 'P', 'F', 'P', 'V', 'C', 'T', 'H', 'D', '<EOS>']"
CP02864,GLPTCGETCFGGTCNTPGCTCDPWPICTRD,GLPTCGETCFGGTCNTPGCTCDPWPICTRD,30,G L P T C G E T C F G G T C N T P G C T C D P W P I C T R D <EOS>,"['G', 'L', 'P', 'T', 'C', 'G', 'E', 'T', 'C', 'F', 'G', 'G', 'T', 'C', 'N', 'T', 'P', 'G', 'C', 'T', 'C', 'D', 'P', 'W', 'P', 'I', 'C', 'T', 'R', 'D', '<EOS>']"
CP05847,GLPTCGETCFTGKCYTPGCTCGAYFVCLKN,GLPTCGETCFTGKCYTPGCTCGAYFVCLKN,30,G L P T C G E T C F T G K C Y T P G C T C G A Y F V C L K N <EOS>,"['G', 'L', 'P', 'T', 'C', 'G', 'E', 'T', 'C', 'F', 'T', 'G', 'K', 'C', 'Y', 'T', 'P', 'G', 'C', 'T', 'C', 'G', 'A', 'Y', 'F', 'V', 'C', 'L', 'K', 'N', '<EOS>']"
CP04087;CP05370,GLPTCGETCTLGKCNTPKCTCNWPICYKD,GLPTCGETCTLGKCNTPKCTCNWPICYKD,29,G L P T C G E T C T L G K C N T P K C T C N W P I C Y K D <EOS> <PAD>,"['G', 'L', 'P', 'T', 'C', 'G', 'E', 'T', 'C', 'T', 'L', 'G', 'K', 'C', 'N', 'T', 'P', 'K', 'C', 'T', 'C', 'N', 'W', 'P', 'I', 'C', 'Y', 'K', 'D', '<EOS>', '<PAD>']"
CP05351,GLPTCGETCTLGTCYTPGCTCSWPLCTKN,GLPTCGETCTLGTCYTPGCTCSWPLCTKN,29,G L P T C G E T C T L G T C Y T P G C T C S W P L C T K N <EOS> <PAD>,"['G', 'L', 'P', 'T', 'C', 'G', 'E', 'T', 'C', 'T', 'L', 'G', 'T', 'C', 'Y', 'T', 'P', 'G', 'C', 'T', 'C', 'S', 'W', 'P', 'L', 'C', 'T', 'K', 'N', '<EOS>', '<PAD>']"
CP02962;CP04016;CP04046;CP05186,GLPTCGETCTLGTCYVPDCSCSWPICMKN,GLPTCGETCTLGTCYVPDCSCSWPICMKN,29,G L P T C G E T C T L G T C Y V P D C S C S W P I C M K N <EOS> <PAD>,"['G', 'L', 'P', 'T', 'C', 'G', 'E', 'T', 'C', 'T', 'L', 'G', 'T', 'C', 'Y', 'V', 'P', 'D', 'C', 'S', 'C', 'S', 'W', 'P', 'I', 'C', 'M', 'K', 'N', '<EOS>', '<PAD>']"
CP05731,GLPTCGETCVGGTCNTPGCVCSWPICTRN,GLPTCGETCVGGTCNTPGCVCSWPICTRN,29,G L P T C G E T C V G G T C N T P G C V C S W P I C T R N <EOS> <PAD>,"['G', 'L', 'P', 'T', 'C', 'G', 'E', 'T', 'C', 'V', 'G', 'G', 'T', 'C', 'N', 'T', 'P', 'G', 'C', 'V', 'C', 'S', 'W', 'P', 'I', 'C', 'T', 'R', 'N', '<EOS>', '<PAD>']"
CP02927,GLPVCGESCFGGSCYTPGCSCTWPICTRD,GLPVCGESCFGGSCYTPGCSCTWPICTRD,29,G L P V C G E S C F G G S C Y T P G C S C T W P I C T R D <EOS> <PAD>,"['G', 'L', 'P', 'V', 'C', 'G', 'E', 'S', 'C', 'F', 'G', 'G', 'S', 'C', 'Y', 'T', 'P', 'G', 'C', 'S', 'C', 'T', 'W', 'P', 'I', 'C', 'T', 'R', 'D', '<EOS>', '<PAD>']"
CP02926,GLPVCGESCFGGTCNTPGCACDPWPVCTRD,GLPVCGESCFGGTCNTPGCACDPWPVCTRD,30,G L P V C G E S C F G G T C N T P G C A C D P W P V C T R D <EOS>,"['G', 'L', 'P', 'V', 'C', 'G', 'E', 'S', 'C', 'F', 'G', 'G', 'T', 'C', 'N', 'T', 'P', 'G', 'C', 'A', 'C', 'D', 'P', 'W', 'P', 'V', 'C', 'T', 'R', 'D', '<EOS>']"
CP05780,GLPVCGESCVGGTCNTPGCSCTWPLCTRN,GLPVCGESCVGGTCNTPGCSCTWPLCTRN,29,G L P V C G E S C V G G T C N T P G C S C T W P L C T R N <EOS> <PAD>,"['G', 'L', 'P', 'V', 'C', 'G', 'E', 'S', 'C', 'V', 'G', 'G', 'T', 'C', 'N', 'T', 'P', 'G', 'C', 'S', 'C', 'T', 'W', 'P', 'L', 'C', 'T', 'R', 'N', '<EOS>', '<PAD>']"
CP02932,GLPVCGETCAFGSCYTPGCSCSWPVCTRN,GLPVCGETCAFGSCYTPGCSCSWPVCTRN,29,G L P V C G E T C A F G S C Y T P G C S C S W P V C T R N <EOS> <PAD>,"['G', 'L', 'P', 'V', 'C', 'G', 'E', 'T', 'C', 'A', 'F', 'G', 'S', 'C', 'Y', 'T', 'P', 'G', 'C', 'S', 'C', 'S', 'W', 'P', 'V', 'C', 'T', 'R', 'N', '<EOS>', '<PAD>']"
CP05179,GLPVCGETCAGGRCNTPGCSCSWPVCTRN,GLPVCGETCAGGRCNTPGCSCSWPVCTRN,29,G L P V C G E T C A G G R C N T P G C S C S W P V C T R N <EOS> <PAD>,"['G', 'L', 'P', 'V', 'C', 'G', 'E', 'T', 'C', 'A', 'G', 'G', 'R', 'C', 'N', 'T', 'P', 'G', 'C', 'S', 'C', 'S', 'W', 'P', 'V', 'C', 'T', 'R', 'N', '<EOS>', '<PAD>']"
CP05178,GLPVCGETCAGGTCNTPGCSCTWPICTRN,GLPVCGETCAGGTCNTPGCSCTWPICTRN,29,G L P V C G E T C A G G T C N T P G C S C T W P I C T R N <EOS> <PAD>,"['G', 'L', 'P', 'V', 'C', 'G', 'E', 'T', 'C', 'A', 'G', 'G', 'T', 'C', 'N', 'T', 'P', 'G', 'C', 'S', 'C', 'T', 'W', 'P', 'I', 'C', 'T', 'R', 'N', '<EOS>', '<PAD>']"
CP02933,GLPVCGETCFGGRCNTPGCTCSYPICTRN,GLPVCGETCFGGRCNTPGCTCSYPICTRN,29,G L P V C G E T C F G G R C N T P G C T C S Y P I C T R N <EOS> <PAD>,"['G', 'L', 'P', 'V', 'C', 'G', 'E', 'T', 'C', 'F', 'G', 'G', 'R', 'C', 'N', 'T', 'P', 'G', 'C', 'T', 'C', 'S', 'Y', 'P', 'I', 'C', 'T', 'R', 'N', '<EOS>', '<PAD>']"
CP02841,GLPVCGETCFGGTCNTPGCSCDPWPMCSRN,GLPVCGETCFGGTCNTPGCSCDPWPMCSRN,30,G L P V C G E T C F G G T C N T P G C S C D P W P M C S R N <EOS>,"['G', 'L', 'P', 'V', 'C', 'G', 'E', 'T', 'C', 'F', 'G', 'G', 'T', 'C', 'N', 'T', 'P', 'G', 'C', 'S', 'C', 'D', 'P', 'W', 'P', 'M', 'C', 'S', 'R', 'N', '<EOS>']"
CP02847,GLPVCGETCFGGTCNTPGCSCETWPVCSRN,GLPVCGETCFGGTCNTPGCSCETWPVCSRN,30,G L P V C G E T C F G G T C N T P G C S C E T W P V C S R N <EOS>,"['G', 'L', 'P', 'V', 'C', 'G', 'E', 'T', 'C', 'F', 'G', 'G', 'T', 'C', 'N', 'T', 'P', 'G', 'C', 'S', 'C', 'E', 'T', 'W', 'P', 'V', 'C', 'S', 'R', 'N', '<EOS>']"
CP02923,GLPVCGETCFGGTCNTPGCSCTDPICTRD,GLPVCGETCFGGTCNTPGCSCTDPICTRD,29,G L P V C G E T C F G G T C N T P G C S C T D P I C T R D <EOS> <PAD>,"['G', 'L', 'P', 'V', 'C', 'G', 'E', 'T', 'C', 'F', 'G', 'G', 'T', 'C', 'N', 'T', 'P', 'G', 'C', 'S', 'C', 'T', 'D', 'P', 'I', 'C', 'T', 'R', 'D', '<EOS>', '<PAD>']"
CP02115,GLPVCGETCFGGTCNTPGCTCDPWPVCTRN,GLPVCGETCFGGTCNTPGCTCDPWPVCTRN,30,G L P V C G E T C F G G T C N T P G C T C D P W P V C T R N <EOS>,"['G', 'L', 'P', 'V', 'C', 'G', 'E', 'T', 'C', 'F', 'G', 'G', 'T', 'C', 'N', 'T', 'P', 'G', 'C', 'T', 'C', 'D', 'P', 'W', 'P', 'V', 'C', 'T', 'R', 'N', '<EOS>']"
CP05189,GLPVCGETCFTGSCYTPGCSCNWPVCNRN,GLPVCGETCFTGSCYTPGCSCNWPVCNRN,29,G L P V C G E T C F T G S C Y T P G C S C N W P V C N R N <EOS> <PAD>,"['G', 'L', 'P', 'V', 'C', 'G', 'E', 'T', 'C', 'F', 'T', 'G', 'S', 'C', 'Y', 'T', 'P', 'G', 'C', 'S', 'C', 'N', 'W', 'P', 'V', 'C', 'N', 'R', 'N', '<EOS>', '<PAD>']"
CP02872,GLPVCGETCFTGTCYTNGCTCDPWPVCTRN,GLPVCGETCFTGTCYTNGCTCDPWPVCTRN,30,G L P V C G E T C F T G T C Y T N G C T C D P W P V C T R N <EOS>,"['G', 'L', 'P', 'V', 'C', 'G', 'E', 'T', 'C', 'F', 'T', 'G', 'T', 'C', 'Y', 'T', 'N', 'G', 'C', 'T', 'C', 'D', 'P', 'W', 'P', 'V', 'C', 'T', 'R', 'N', '<EOS>']"
CP05384,GLPVCGETCRRDSDCNTPGCTCSWPVCTRN,GLPVCGETCRRDSDCNTPGCTCSWPVCTRN,30,G L P V C G E T C R R D S D C N T P G C T C S W P V C T R N <EOS>,"['G', 'L', 'P', 'V', 'C', 'G', 'E', 'T', 'C', 'R', 'R', 'D', 'S', 'D', 'C', 'N', 'T', 'P', 'G', 'C', 'T', 'C', 'S', 'W', 'P', 'V', 'C', 'T', 'R', 'N', '<EOS>']"
CP05253,GLPVCGETCTIGTCYTAGCTCSWPICTRN,GLPVCGETCTIGTCYTAGCTCSWPICTRN,29,G L P V C G E T C T I G T C Y T A G C T C S W P I C T R N <EOS> <PAD>,"['G', 'L', 'P', 'V', 'C', 'G', 'E', 'T', 'C', 'T', 'I', 'G', 'T', 'C', 'Y', 'T', 'A', 'G', 'C', 'T', 'C', 'S', 'W', 'P', 'I', 'C', 'T', 'R', 'N', '<EOS>', '<PAD>']"
CP03040;CP04847,GLPVCGETCTLGKCYTAGCSCSWPVCYRN,GLPVCGETCTLGKCYTAGCSCSWPVCYRN,29,G L P V C G E T C T L G K C Y T A G C S C S W P V C Y R N <EOS> <PAD>,"['G', 'L', 'P', 'V', 'C', 'G', 'E', 'T', 'C', 'T', 'L', 'G', 'K', 'C', 'Y', 'T', 'A', 'G', 'C', 'S', 'C', 'S', 'W', 'P', 'V', 'C', 'Y', 'R', 'N', '<EOS>', '<PAD>']"
CP05698,GLPVCGETCTLGTCATQGCTCSWPICKRN,GLPVCGETCTLGTCATQGCTCSWPICKRN,29,G L P V C G E T C T L G T C A T Q G C T C S W P I C K R N <EOS> <PAD>,"['G', 'L', 'P', 'V', 'C', 'G', 'E', 'T', 'C', 'T', 'L', 'G', 'T', 'C', 'A', 'T', 'Q', 'G', 'C', 'T', 'C', 'S', 'W', 'P', 'I', 'C', 'K', 'R', 'N', '<EOS>', '<PAD>']"
CP05095,GLPVCGETCVGGTCHHHHCTCSWPVCTRN,GLPVCGETCVGGTCHHHHCTCSWPVCTRN,29,G L P V C G E T C V G G T C H H H H C T C S W P V C T R N <EOS> <PAD>,"['G', 'L', 'P', 'V', 'C', 'G', 'E', 'T', 'C', 'V', 'G', 'G', 'T', 'C', 'H', 'H', 'H', 'H', 'C', 'T', 'C', 'S', 'W', 'P', 'V', 'C', 'T', 'R', 'N', '<EOS>', '<PAD>']"
CP05155,GLPVCGETCVGGTCNTEYCTCSWPVCTRD,GLPVCGETCVGGTCNTEYCTCSWPVCTRD,29,G L P V C G E T C V G G T C N T E Y C T C S W P V C T R D <EOS> <PAD>,"['G', 'L', 'P', 'V', 'C', 'G', 'E', 'T', 'C', 'V', 'G', 'G', 'T', 'C', 'N', 'T', 'E', 'Y', 'C', 'T', 'C', 'S', 'W', 'P', 'V', 'C', 'T', 'R', 'D', '<EOS>', '<PAD>']"
CP05401,GLPVCGETCVGGTCNTPGCKCRGNGYCTRN,GLPVCGETCVGGTCNTPGCKCRGNGYCTRN,30,G L P V C G E T C V G G T C N T P G C K C R G N G Y C T R N <EOS>,"['G', 'L', 'P', 'V', 'C', 'G', 'E', 'T', 'C', 'V', 'G', 'G', 'T', 'C', 'N', 'T', 'P', 'G', 'C', 'K', 'C', 'R', 'G', 'N', 'G', 'Y', 'C', 'T', 'R', 'N', '<EOS>']"
CP05152,GLPVCGETCVGGTCNTPGCSCSWPVCFRD,GLPVCGETCVGGTCNTPGCSCSWPVCFRD,29,G L P V C G E T C V G G T C N T P G C S C S W P V C F R D <EOS> <PAD>,"['G', 'L', 'P', 'V', 'C', 'G', 'E', 'T', 'C', 'V', 'G', 'G', 'T', 'C', 'N', 'T', 'P', 'G', 'C', 'S', 'C', 'S', 'W', 'P', 'V', 'C', 'F', 'R', 'D', '<EOS>', '<PAD>']"
CP05054,GLPVCGETCVGGTCNTPGCTCSRVVHCTRN,GLPVCGETCVGGTCNTPGCTCSRVVHCTRN,30,G L P V C G E T C V G G T C N T P G C T C S R V V H C T R N <EOS>,"['G', 'L', 'P', 'V', 'C', 'G', 'E', 'T', 'C', 'V', 'G', 'G', 'T', 'C', 'N', 'T', 'P', 'G', 'C', 'T', 'C', 'S', 'R', 'V', 'V', 'H', 'C', 'T', 'R', 'N', '<EOS>']"
CP05724;CP05726,GLPVCGETCVGGTCNTPGCTCSWWPVCTRN,GLPVCGETCVGGTCNTPGCTCSWWPVCTRN,30,G L P V C G E T C V G G T C N T P G C T C S W W P V C T R N <EOS>,"['G', 'L', 'P', 'V', 'C', 'G', 'E', 'T', 'C', 'V', 'G', 'G', 'T', 'C', 'N', 'T', 'P', 'G', 'C', 'T', 'C', 'S', 'W', 'W', 'P', 'V', 'C', 'T', 'R', 'N', '<EOS>']"
CP05052,GLPVCGETCVGPTCNTPGCTCYRSPFCTRN,GLPVCGETCVGPTCNTPGCTCYRSPFCTRN,30,G L P V C G E T C V G P T C N T P G C T C Y R S P F C T R N <EOS>,"['G', 'L', 'P', 'V', 'C', 'G', 'E', 'T', 'C', 'V', 'G', 'P', 'T', 'C', 'N', 'T', 'P', 'G', 'C', 'T', 'C', 'Y', 'R', 'S', 'P', 'F', 'C', 'T', 'R', 'N', '<EOS>']"
CP05733,GLPVCGETCVTGSCYTPGCSCSWPVCKRN,GLPVCGETCVTGSCYTPGCSCSWPVCKRN,29,G L P V C G E T C V T G S C Y T P G C S C S W P V C K R N <EOS> <PAD>,"['G', 'L', 'P', 'V', 'C', 'G', 'E', 'T', 'C', 'V', 'T', 'G', 'S', 'C', 'Y', 'T', 'P', 'G', 'C', 'S', 'C', 'S', 'W', 'P', 'V', 'C', 'K', 'R', 'N', '<EOS>', '<PAD>']"
CP03661;CP03662,GLPWGCPSDIPGWNTPWAC,GLPWGCPSDIPGWNTPWAC,19,G L P W G C P S D I P G W N T P W A C <EOS> <PAD> <PAD> <PAD> <PAD> <PAD> <PAD> <PAD> <PAD> <PAD> <PAD> <PAD>,"['G', 'L', 'P', 'W', 'G', 'C', 'P', 'S', 'D', 'I', 'P', 'G', 'W', 'N', 'T', 'P', 'W', 'A', 'C', '<EOS>', '<PAD>', '<PAD>', '<PAD>', '<PAD>', '<PAD>', '<PAD>', '<PAD>', '<PAD>', '<PAD>', '<PAD>', '<PAD>']"
CP05672,GLQRCRESCNRVKCWLPGCECLNKMCYKN,GLQRCRESCNRVKCWLPGCECLNKMCYKN,29,G L Q R C R E S C N R V K C W L P G C E C L N K M C Y K N <EOS> <PAD>,"['G', 'L', 'Q', 'R', 'C', 'R', 'E', 'S', 'C', 'N', 'R', 'V', 'K', 'C', 'W', 'L', 'P', 'G', 'C', 'E', 'C', 'L', 'N', 'K', 'M', 'C', 'Y', 'K', 'N', '<EOS>', '<PAD>']"
CP07614,GLVCTHVRPYHNAVWS,GLVCTHVRPYHNAVWS,16,G L V C T H V R P Y H N A V W S <EOS> <PAD> <PAD> <PAD> <PAD> <PAD> <PAD> <PAD> <PAD> <PAD> <PAD> <PAD> <PAD> <PAD> <PAD>,"['G', 'L', 'V', 'C', 'T', 'H', 'V', 'R', 'P', 'Y', 'H', 'N', 'A', 'V', 'W', 'S', '<EOS>', '<PAD>', '<PAD>', '<PAD>', '<PAD>', '<PAD>', '<PAD>', '<PAD>', '<PAD>', '<PAD>', '<PAD>', '<PAD>', '<PAD>', '<PAD>', '<PAD>']"
CP05848,GMPCGESCVWIPCLSAIAGCSCKNKVCYNN,GMPCGESCVWIPCLSAIAGCSCKNKVCYNN,30,G M P C G E S C V W I P C L S A I A G C S C K N K V C Y N N <EOS>,"['G', 'M', 'P', 'C', 'G', 'E', 'S', 'C', 'V', 'W', 'I', 'P', 'C', 'L', 'S', 'A', 'I', 'A', 'G', 'C', 'S', 'C', 'K', 'N', 'K', 'V', 'C', 'Y', 'N', 'N', '<EOS>']"
CP06043,GMWDECCDDPPCRQNNMEHCPAS,GMWDECCDDPPCRQNNMEHCPAS,23,G M W D E C C D D P P C R Q N N M E H C P A S <EOS> <PAD> <PAD> <PAD> <PAD> <PAD> <PAD> <PAD>,"['G', 'M', 'W', 'D', 'E', 'C', 'C', 'D', 'D', 'P', 'P', 'C', 'R', 'Q', 'N', 'N', 'M', 'E', 'H', 'C', 'P', 'A', 'S', '<EOS>', '<PAD>', '<PAD>', '<PAD>', '<PAD>', '<PAD>', '<PAD>', '<PAD>']"
CP03162,GNGVLKTISHECNMNTWQFLFTCC,GNGVLKTISHECNMNTWQFLFTCC,24,G N G V L K T I S H E C N M N T W Q F L F T C C <EOS> <PAD> <PAD> <PAD> <PAD> <PAD> <PAD>,"['G', 'N', 'G', 'V', 'L', 'K', 'T', 'I', 'S', 'H', 'E', 'C', 'N', 'M', 'N', 'T', 'W', 'Q', 'F', 'L', 'F', 'T', 'C', 'C', '<EOS>', '<PAD>', '<PAD>', '<PAD>', '<PAD>', '<PAD>', '<PAD>']"
CP02907,GNIPCGESCIFFPCFNPGCSCKDNLCYYN,GNIPCGESCIFFPCFNPGCSCKDNLCYYN,29,G N I P C G E S C I F F P C F N P G C S C K D N L C Y Y N <EOS> <PAD>,"['G', 'N', 'I', 'P', 'C', 'G', 'E', 'S', 'C', 'I', 'F', 'F', 'P', 'C', 'F', 'N', 'P', 'G', 'C', 'S', 'C', 'K', 'D', 'N', 'L', 'C', 'Y', 'Y', 'N', '<EOS>', '<PAD>']"
CP05535,GNPCGESCVYLPCITTVVGCSCQNSVCYHN,GNPCGESCVYLPCITTVVGCSCQNSVCYHN,30,G N P C G E S C V Y L P C I T T V V G C S C Q N S V C Y H N <EOS>,"['G', 'N', 'P', 'C', 'G', 'E', 'S', 'C', 'V', 'Y', 'L', 'P', 'C', 'I', 'T', 'T', 'V', 'V', 'G', 'C', 'S', 'C', 'Q', 'N', 'S', 'V', 'C', 'Y', 'H', 'N', '<EOS>']"
CP04961,GNPIVCGETCFFQKCYTPGCSCDAVICTNN,GNPIVCGETCFFQKCYTPGCSCDAVICTNN,30,G N P I V C G E T C F F Q K C Y T P G C S C D A V I C T N N <EOS>,"['G', 'N', 'P', 'I', 'V', 'C', 'G', 'E', 'T', 'C', 'F', 'F', 'Q', 'K', 'C', 'Y', 'T', 'P', 'G', 'C', 'S', 'C', 'D', 'A', 'V', 'I', 'C', 'T', 'N', 'N', '<EOS>']"
CP01054;CP02513,GNWHGTAPNWFFNYYW,GNWHGTAPNWFFNYYW,16,G N W H G T A P N W F F N Y Y W <EOS> <PAD> <PAD> <PAD> <PAD> <PAD> <PAD> <PAD> <PAD> <PAD> <PAD> <PAD> <PAD> <PAD> <PAD>,"['G', 'N', 'W', 'H', 'G', 'T', 'A', 'P', 'N', 'W', 'F', 'F', 'N', 'Y', 'Y', 'W', '<EOS>', '<PAD>', '<PAD>', '<PAD>', '<PAD>', '<PAD>', '<PAD>', '<PAD>', '<PAD>', '<PAD>', '<PAD>', '<PAD>', '<PAD>', '<PAD>', '<PAD>']"
CP08339,GPCCFSNPYCCNL,GPCCFSNPYCCNL,13,G P C C F S N P Y C C N L <EOS> <PAD> <PAD> <PAD> <PAD> <PAD> <PAD> <PAD> <PAD> <PAD> <PAD> <PAD> <PAD> <PAD> <PAD> <PAD> <PAD> <PAD>,"['G', 'P', 'C', 'C', 'F', 'S', 'N', 'P', 'Y', 'C', 'C', 'N', 'L', '<EOS>', '<PAD>', '<PAD>', '<PAD>', '<PAD>', '<PAD>', '<PAD>', '<PAD>', '<PAD>', '<PAD>', '<PAD>', '<PAD>', '<PAD>', '<PAD>', '<PAD>', '<PAD>', '<PAD>', '<PAD>']"
CP04692,GPIVAAAVSAVALGTAASF,GPIVAAAVSAVALGTAASF,19,G P I V A A A V S A V A L G T A A S F <EOS> <PAD> <PAD> <PAD> <PAD> <PAD> <PAD> <PAD> <PAD> <PAD> <PAD> <PAD>,"['G', 'P', 'I', 'V', 'A', 'A', 'A', 'V', 'S', 'A', 'V', 'A', 'L', 'G', 'T', 'A', 'A', 'S', 'F', '<EOS>', '<PAD>', '<PAD>', '<PAD>', '<PAD>', '<PAD>', '<PAD>', '<PAD>', '<PAD>', '<PAD>', '<PAD>', '<PAD>']"
CP02157;CP02161,GPLAAAAVGAVAVGTAAAF,GPLAAAAVGAVAVGTAAAF,19,G P L A A A A V G A V A V G T A A A F <EOS> <PAD> <PAD> <PAD> <PAD> <PAD> <PAD> <PAD> <PAD> <PAD> <PAD> <PAD>,"['G', 'P', 'L', 'A', 'A', 'A', 'A', 'V', 'G', 'A', 'V', 'A', 'V', 'G', 'T', 'A', 'A', 'A', 'F', '<EOS>', '<PAD>', '<PAD>', '<PAD>', '<PAD>', '<PAD>', '<PAD>', '<PAD>', '<PAD>', '<PAD>', '<PAD>', '<PAD>']"
CP07596,GPNTGELCDGVEQNCRYPYCFIVVCL,GPNTGELCDGVEQNCRYPYCFIVVCL,26,G P N T G E L C D G V E Q N C R Y P Y C F I V V C L <EOS> <PAD> <PAD> <PAD> <PAD>,"['G', 'P', 'N', 'T', 'G', 'E', 'L', 'C', 'D', 'G', 'V', 'E', 'Q', 'N', 'C', 'R', 'Y', 'P', 'Y', 'C', 'F', 'I', 'V', 'V', 'C', 'L', '<EOS>', '<PAD>', '<PAD>', '<PAD>', '<PAD>']"
CP05765,GPPCGDTCVFDPCLVSAPCKCKNRVCYRN,GPPCGDTCVFDPCLVSAPCKCKNRVCYRN,29,G P P C G D T C V F D P C L V S A P C K C K N R V C Y R N <EOS> <PAD>,"['G', 'P', 'P', 'C', 'G', 'D', 'T', 'C', 'V', 'F', 'D', 'P', 'C', 'L', 'V', 'S', 'A', 'P', 'C', 'K', 'C', 'K', 'N', 'R', 'V', 'C', 'Y', 'R', 'N', '<EOS>', '<PAD>']"
CP05502,GRAVCGETCFAGICYTPVCVCGKWDLCRMN,GRAVCGETCFAGICYTPVCVCGKWDLCRMN,30,G R A V C G E T C F A G I C Y T P V C V C G K W D L C R M N <EOS>,"['G', 'R', 'A', 'V', 'C', 'G', 'E', 'T', 'C', 'F', 'A', 'G', 'I', 'C', 'Y', 'T', 'P', 'V', 'C', 'V', 'C', 'G', 'K', 'W', 'D', 'L', 'C', 'R', 'M', 'N', '<EOS>']"
CP05011,GRCAKSIPPICFPD,GRCAKSIPPICFPD,14,G R C A K S I P P I C F P D <EOS> <PAD> <PAD> <PAD> <PAD> <PAD> <PAD> <PAD> <PAD> <PAD> <PAD> <PAD> <PAD> <PAD> <PAD> <PAD> <PAD>,"['G', 'R', 'C', 'A', 'K', 'S', 'I', 'P', 'P', 'I', 'C', 'F', 'P', 'D', '<EOS>', '<PAD>', '<PAD>', '<PAD>', '<PAD>', '<PAD>', '<PAD>', '<PAD>', '<PAD>', '<PAD>', '<PAD>', '<PAD>', '<PAD>', '<PAD>', '<PAD>', '<PAD>', '<PAD>']"
CP07151,GRCCHPACGKNYSC,GRCCHPACGKNYSC,14,G R C C H P A C G K N Y S C <EOS> <PAD> <PAD> <PAD> <PAD> <PAD> <PAD> <PAD> <PAD> <PAD> <PAD> <PAD> <PAD> <PAD> <PAD> <PAD> <PAD>,"['G', 'R', 'C', 'C', 'H', 'P', 'A', 'C', 'G', 'K', 'N', 'Y', 'S', 'C', '<EOS>', '<PAD>', '<PAD>', '<PAD>', '<PAD>', '<PAD>', '<PAD>', '<PAD>', '<PAD>', '<PAD>', '<PAD>', '<PAD>', '<PAD>', '<PAD>', '<PAD>', '<PAD>', '<PAD>']"
CP08264,GRCRPGGVVCGFPKPGPYCCSGWCFFVC,GRCRPGGVVCGFPKPGPYCCSGWCFFVC,28,G R C R P G G V V C G F P K P G P Y C C S G W C F F V C <EOS> <PAD> <PAD>,"['G', 'R', 'C', 'R', 'P', 'G', 'G', 'V', 'V', 'C', 'G', 'F', 'P', 'K', 'P', 'G', 'P', 'Y', 'C', 'C', 'S', 'G', 'W', 'C', 'F', 'F', 'V', 'C', '<EOS>', '<PAD>', '<PAD>']"
CP05335,GRCSIKVAVCFPD,GRCSIKVAVCFPD,13,G R C S I K V A V C F P D <EOS> <PAD> <PAD> <PAD> <PAD> <PAD> <PAD> <PAD> <PAD> <PAD> <PAD> <PAD> <PAD> <PAD> <PAD> <PAD> <PAD> <PAD>,"['G', 'R', 'C', 'S', 'I', 'K', 'V', 'A', 'V', 'C', 'F', 'P', 'D', '<EOS>', '<PAD>', '<PAD>', '<PAD>', '<PAD>', '<PAD>', '<PAD>', '<PAD>', '<PAD>', '<PAD>', '<PAD>', '<PAD>', '<PAD>', '<PAD>', '<PAD>', '<PAD>', '<PAD>', '<PAD>']"
CP05336,GRCSVVYGLRCFPD,GRCSVVYGLRCFPD,14,G R C S V V Y G L R C F P D <EOS> <PAD> <PAD> <PAD> <PAD> <PAD> <PAD> <PAD> <PAD> <PAD> <PAD> <PAD> <PAD> <PAD> <PAD> <PAD> <PAD>,"['G', 'R', 'C', 'S', 'V', 'V', 'Y', 'G', 'L', 'R', 'C', 'F', 'P', 'D', '<EOS>', '<PAD>', '<PAD>', '<PAD>', '<PAD>', '<PAD>', '<PAD>', '<PAD>', '<PAD>', '<PAD>', '<PAD>', '<PAD>', '<PAD>', '<PAD>', '<PAD>', '<PAD>', '<PAD>']"
CP05012,GRCTASIPPICFPD,GRCTASIPPICFPD,14,G R C T A S I P P I C F P D <EOS> <PAD> <PAD> <PAD> <PAD> <PAD> <PAD> <PAD> <PAD> <PAD> <PAD> <PAD> <PAD> <PAD> <PAD> <PAD> <PAD>,"['G', 'R', 'C', 'T', 'A', 'S', 'I', 'P', 'P', 'I', 'C', 'F', 'P', 'D', '<EOS>', '<PAD>', '<PAD>', '<PAD>', '<PAD>', '<PAD>', '<PAD>', '<PAD>', '<PAD>', '<PAD>', '<PAD>', '<PAD>', '<PAD>', '<PAD>', '<PAD>', '<PAD>', '<PAD>']"
CP05013,GRCTKAIPPICFPD,GRCTKAIPPICFPD,14,G R C T K A I P P I C F P D <EOS> <PAD> <PAD> <PAD> <PAD> <PAD> <PAD> <PAD> <PAD> <PAD> <PAD> <PAD> <PAD> <PAD> <PAD> <PAD> <PAD>,"['G', 'R', 'C', 'T', 'K', 'A', 'I', 'P', 'P', 'I', 'C', 'F', 'P', 'D', '<EOS>', '<PAD>', '<PAD>', '<PAD>', '<PAD>', '<PAD>', '<PAD>', '<PAD>', '<PAD>', '<PAD>', '<PAD>', '<PAD>', '<PAD>', '<PAD>', '<PAD>', '<PAD>', '<PAD>']"
CP05014,GRCTKSAPPICFPD,GRCTKSAPPICFPD,14,G R C T K S A P P I C F P D <EOS> <PAD> <PAD> <PAD> <PAD> <PAD> <PAD> <PAD> <PAD> <PAD> <PAD> <PAD> <PAD> <PAD> <PAD> <PAD> <PAD>,"['G', 'R', 'C', 'T', 'K', 'S', 'A', 'P', 'P', 'I', 'C', 'F', 'P', 'D', '<EOS>', '<PAD>', '<PAD>', '<PAD>', '<PAD>', '<PAD>', '<PAD>', '<PAD>', '<PAD>', '<PAD>', '<PAD>', '<PAD>', '<PAD>', '<PAD>', '<PAD>', '<PAD>', '<PAD>']"
CP05015,GRCTKSIAPICFPD,GRCTKSIAPICFPD,14,G R C T K S I A P I C F P D <EOS> <PAD> <PAD> <PAD> <PAD> <PAD> <PAD> <PAD> <PAD> <PAD> <PAD> <PAD> <PAD> <PAD> <PAD> <PAD> <PAD>,"['G', 'R', 'C', 'T', 'K', 'S', 'I', 'A', 'P', 'I', 'C', 'F', 'P', 'D', '<EOS>', '<PAD>', '<PAD>', '<PAD>', '<PAD>', '<PAD>', '<PAD>', '<PAD>', '<PAD>', '<PAD>', '<PAD>', '<PAD>', '<PAD>', '<PAD>', '<PAD>', '<PAD>', '<PAD>']"
CP05016;CP05303,GRCTKSIPAICFPD,GRCTKSIPAICFPD,14,G R C T K S I P A I C F P D <EOS> <PAD> <PAD> <PAD> <PAD> <PAD> <PAD> <PAD> <PAD> <PAD> <PAD> <PAD> <PAD> <PAD> <PAD> <PAD> <PAD>,"['G', 'R', 'C', 'T', 'K', 'S', 'I', 'P', 'A', 'I', 'C', 'F', 'P', 'D', '<EOS>', '<PAD>', '<PAD>', '<PAD>', '<PAD>', '<PAD>', '<PAD>', '<PAD>', '<PAD>', '<PAD>', '<PAD>', '<PAD>', '<PAD>', '<PAD>', '<PAD>', '<PAD>', '<PAD>']"
CP05017,GRCTKSIPPACFPD,GRCTKSIPPACFPD,14,G R C T K S I P P A C F P D <EOS> <PAD> <PAD> <PAD> <PAD> <PAD> <PAD> <PAD> <PAD> <PAD> <PAD> <PAD> <PAD> <PAD> <PAD> <PAD> <PAD>,"['G', 'R', 'C', 'T', 'K', 'S', 'I', 'P', 'P', 'A', 'C', 'F', 'P', 'D', '<EOS>', '<PAD>', '<PAD>', '<PAD>', '<PAD>', '<PAD>', '<PAD>', '<PAD>', '<PAD>', '<PAD>', '<PAD>', '<PAD>', '<PAD>', '<PAD>', '<PAD>', '<PAD>', '<PAD>']"
CP05018,GRCTKSIPPICAPD,GRCTKSIPPICAPD,14,G R C T K S I P P I C A P D <EOS> <PAD> <PAD> <PAD> <PAD> <PAD> <PAD> <PAD> <PAD> <PAD> <PAD> <PAD> <PAD> <PAD> <PAD> <PAD> <PAD>,"['G', 'R', 'C', 'T', 'K', 'S', 'I', 'P', 'P', 'I', 'C', 'A', 'P', 'D', '<EOS>', '<PAD>', '<PAD>', '<PAD>', '<PAD>', '<PAD>', '<PAD>', '<PAD>', '<PAD>', '<PAD>', '<PAD>', '<PAD>', '<PAD>', '<PAD>', '<PAD>', '<PAD>', '<PAD>']"
CP05019,GRCTKSIPPICFAD,GRCTKSIPPICFAD,14,G R C T K S I P P I C F A D <EOS> <PAD> <PAD> <PAD> <PAD> <PAD> <PAD> <PAD> <PAD> <PAD> <PAD> <PAD> <PAD> <PAD> <PAD> <PAD> <PAD>,"['G', 'R', 'C', 'T', 'K', 'S', 'I', 'P', 'P', 'I', 'C', 'F', 'A', 'D', '<EOS>', '<PAD>', '<PAD>', '<PAD>', '<PAD>', '<PAD>', '<PAD>', '<PAD>', '<PAD>', '<PAD>', '<PAD>', '<PAD>', '<PAD>', '<PAD>', '<PAD>', '<PAD>', '<PAD>']"
CP05020,GRCTKSIPPICFPA,GRCTKSIPPICFPA,14,G R C T K S I P P I C F P A <EOS> <PAD> <PAD> <PAD> <PAD> <PAD> <PAD> <PAD> <PAD> <PAD> <PAD> <PAD> <PAD> <PAD> <PAD> <PAD> <PAD>,"['G', 'R', 'C', 'T', 'K', 'S', 'I', 'P', 'P', 'I', 'C', 'F', 'P', 'A', '<EOS>', '<PAD>', '<PAD>', '<PAD>', '<PAD>', '<PAD>', '<PAD>', '<PAD>', '<PAD>', '<PAD>', '<PAD>', '<PAD>', '<PAD>', '<PAD>', '<PAD>', '<PAD>', '<PAD>']"
CP08263,GRCVKDGDACVFPVVGSVFCCSGFCVFVCI,GRCVKDGDACVFPVVGSVFCCSGFCVFVCI,30,G R C V K D G D A C V F P V V G S V F C C S G F C V F V C I <EOS>,"['G', 'R', 'C', 'V', 'K', 'D', 'G', 'D', 'A', 'C', 'V', 'F', 'P', 'V', 'V', 'G', 'S', 'V', 'F', 'C', 'C', 'S', 'G', 'F', 'C', 'V', 'F', 'V', 'C', 'I', '<EOS>']"
CP05337,GRCWQELYQLKYCFPD,GRCWQELYQLKYCFPD,16,G R C W Q E L Y Q L K Y C F P D <EOS> <PAD> <PAD> <PAD> <PAD> <PAD> <PAD> <PAD> <PAD> <PAD> <PAD> <PAD> <PAD> <PAD> <PAD>,"['G', 'R', 'C', 'W', 'Q', 'E', 'L', 'Y', 'Q', 'L', 'K', 'Y', 'C', 'F', 'P', 'D', '<EOS>', '<PAD>', '<PAD>', '<PAD>', '<PAD>', '<PAD>', '<PAD>', '<PAD>', '<PAD>', '<PAD>', '<PAD>', '<PAD>', '<PAD>', '<PAD>', '<PAD>']"
CP05501,GRFCGEICSRGFCSNPRCTCNASRQCVRN,GRFCGEICSRGFCSNPRCTCNASRQCVRN,29,G R F C G E I C S R G F C S N P R C T C N A S R Q C V R N <EOS> <PAD>,"['G', 'R', 'F', 'C', 'G', 'E', 'I', 'C', 'S', 'R', 'G', 'F', 'C', 'S', 'N', 'P', 'R', 'C', 'T', 'C', 'N', 'A', 'S', 'R', 'Q', 'C', 'V', 'R', 'N', '<EOS>', '<PAD>']"
CP05609,GRPTCGETCFKTKCYTPGCSCSYPICKKN,GRPTCGETCFKTKCYTPGCSCSYPICKKN,29,G R P T C G E T C F K T K C Y T P G C S C S Y P I C K K N <EOS> <PAD>,"['G', 'R', 'P', 'T', 'C', 'G', 'E', 'T', 'C', 'F', 'K', 'T', 'K', 'C', 'Y', 'T', 'P', 'G', 'C', 'S', 'C', 'S', 'Y', 'P', 'I', 'C', 'K', 'K', 'N', '<EOS>', '<PAD>']"
CP04949,GSAFCGETCVLGTCYTPDCSCKAVVCIKN,GSAFCGETCVLGTCYTPDCSCKAVVCIKN,29,G S A F C G E T C V L G T C Y T P D C S C K A V V C I K N <EOS> <PAD>,"['G', 'S', 'A', 'F', 'C', 'G', 'E', 'T', 'C', 'V', 'L', 'G', 'T', 'C', 'Y', 'T', 'P', 'D', 'C', 'S', 'C', 'K', 'A', 'V', 'V', 'C', 'I', 'K', 'N', '<EOS>', '<PAD>']"
CP03090;CP04835,GSAFCGETCVLGTCYTPDCSCTALVCLKN,GSAFCGETCVLGTCYTPDCSCTALVCLKN,29,G S A F C G E T C V L G T C Y T P D C S C T A L V C L K N <EOS> <PAD>,"['G', 'S', 'A', 'F', 'C', 'G', 'E', 'T', 'C', 'V', 'L', 'G', 'T', 'C', 'Y', 'T', 'P', 'D', 'C', 'S', 'C', 'T', 'A', 'L', 'V', 'C', 'L', 'K', 'N', '<EOS>', '<PAD>']"
CP05166,GSAFGCGETCVKGKCNTPGCVCSWPVCKKN,GSAFGCGETCVKGKCNTPGCVCSWPVCKKN,30,G S A F G C G E T C V K G K C N T P G C V C S W P V C K K N <EOS>,"['G', 'S', 'A', 'F', 'G', 'C', 'G', 'E', 'T', 'C', 'V', 'K', 'G', 'K', 'C', 'N', 'T', 'P', 'G', 'C', 'V', 'C', 'S', 'W', 'P', 'V', 'C', 'K', 'K', 'N', '<EOS>']"
CP04097;CP05380,GSAIACGESCFKFKCYTPGCSCSYPICKKD,GSAIACGESCFKFKCYTPGCSCSYPICKKD,30,G S A I A C G E S C F K F K C Y T P G C S C S Y P I C K K D <EOS>,"['G', 'S', 'A', 'I', 'A', 'C', 'G', 'E', 'S', 'C', 'F', 'K', 'F', 'K', 'C', 'Y', 'T', 'P', 'G', 'C', 'S', 'C', 'S', 'Y', 'P', 'I', 'C', 'K', 'K', 'D', '<EOS>']"
CP04928,GSAILCGESCTLGECYTPGCTCSWPICTKN,GSAILCGESCTLGECYTPGCTCSWPICTKN,30,G S A I L C G E S C T L G E C Y T P G C T C S W P I C T K N <EOS>,"['G', 'S', 'A', 'I', 'L', 'C', 'G', 'E', 'S', 'C', 'T', 'L', 'G', 'E', 'C', 'Y', 'T', 'P', 'G', 'C', 'T', 'C', 'S', 'W', 'P', 'I', 'C', 'T', 'K', 'N', '<EOS>']"
CP04958,GSAIRCGERCLLGRCHRPGCTCIRRICRRN,GSAIRCGERCLLGRCHRPGCTCIRRICRRN,30,G S A I R C G E R C L L G R C H R P G C T C I R R I C R R N <EOS>,"['G', 'S', 'A', 'I', 'R', 'C', 'G', 'E', 'R', 'C', 'L', 'L', 'G', 'R', 'C', 'H', 'R', 'P', 'G', 'C', 'T', 'C', 'I', 'R', 'R', 'I', 'C', 'R', 'R', 'N', '<EOS>']"
CP03011;CP05364,GSAIRCGESCLLGKCYTPGCTCDRPICKKN,GSAIRCGESCLLGKCYTPGCTCDRPICKKN,30,G S A I R C G E S C L L G K C Y T P G C T C D R P I C K K N <EOS>,"['G', 'S', 'A', 'I', 'R', 'C', 'G', 'E', 'S', 'C', 'L', 'L', 'G', 'K', 'C', 'Y', 'T', 'P', 'G', 'C', 'T', 'C', 'D', 'R', 'P', 'I', 'C', 'K', 'K', 'N', '<EOS>']"
CP05183,GSHCGETCFFFGCYKPGCSCDELRQCYKN,GSHCGETCFFFGCYKPGCSCDELRQCYKN,29,G S H C G E T C F F F G C Y K P G C S C D E L R Q C Y K N <EOS> <PAD>,"['G', 'S', 'H', 'C', 'G', 'E', 'T', 'C', 'F', 'F', 'F', 'G', 'C', 'Y', 'K', 'P', 'G', 'C', 'S', 'C', 'D', 'E', 'L', 'R', 'Q', 'C', 'Y', 'K', 'N', '<EOS>', '<PAD>']"
CP05787,GSIFNCGETCIMGTCYTPGCSCVYGACSKN,GSIFNCGETCIMGTCYTPGCSCVYGACSKN,30,G S I F N C G E T C I M G T C Y T P G C S C V Y G A C S K N <EOS>,"['G', 'S', 'I', 'F', 'N', 'C', 'G', 'E', 'T', 'C', 'I', 'M', 'G', 'T', 'C', 'Y', 'T', 'P', 'G', 'C', 'S', 'C', 'V', 'Y', 'G', 'A', 'C', 'S', 'K', 'N', '<EOS>']"
CP05752,GSIFNCGETCVFGTCYTPGCSCVYGACSKD,GSIFNCGETCVFGTCYTPGCSCVYGACSKD,30,G S I F N C G E T C V F G T C Y T P G C S C V Y G A C S K D <EOS>,"['G', 'S', 'I', 'F', 'N', 'C', 'G', 'E', 'T', 'C', 'V', 'F', 'G', 'T', 'C', 'Y', 'T', 'P', 'G', 'C', 'S', 'C', 'V', 'Y', 'G', 'A', 'C', 'S', 'K', 'D', '<EOS>']"
CP05792,GSIGPCGESCFKGKCYTPGCTCDWPICKKN,GSIGPCGESCFKGKCYTPGCTCDWPICKKN,30,G S I G P C G E S C F K G K C Y T P G C T C D W P I C K K N <EOS>,"['G', 'S', 'I', 'G', 'P', 'C', 'G', 'E', 'S', 'C', 'F', 'K', 'G', 'K', 'C', 'Y', 'T', 'P', 'G', 'C', 'T', 'C', 'D', 'W', 'P', 'I', 'C', 'K', 'K', 'N', '<EOS>']"
CP04933,GSIRCGERCLLGRCHRPGCTCVRRICRRN,GSIRCGERCLLGRCHRPGCTCVRRICRRN,29,G S I R C G E R C L L G R C H R P G C T C V R R I C R R N <EOS> <PAD>,"['G', 'S', 'I', 'R', 'C', 'G', 'E', 'R', 'C', 'L', 'L', 'G', 'R', 'C', 'H', 'R', 'P', 'G', 'C', 'T', 'C', 'V', 'R', 'R', 'I', 'C', 'R', 'R', 'N', '<EOS>', '<PAD>']"
CP05615,GSITGCGGGCLLGRCYRPGCTCVRRICRRN,GSITGCGGGCLLGRCYRPGCTCVRRICRRN,30,G S I T G C G G G C L L G R C Y R P G C T C V R R I C R R N <EOS>,"['G', 'S', 'I', 'T', 'G', 'C', 'G', 'G', 'G', 'C', 'L', 'L', 'G', 'R', 'C', 'Y', 'R', 'P', 'G', 'C', 'T', 'C', 'V', 'R', 'R', 'I', 'C', 'R', 'R', 'N', '<EOS>']"
CP03532,GSKKPVPIIYCNRRTGKCQRM,GSKKPVPIIYCNRRTGKCQRM,21,G S K K P V P I I Y C N R R T G K C Q R M <EOS> <PAD> <PAD> <PAD> <PAD> <PAD> <PAD> <PAD> <PAD> <PAD>,"['G', 'S', 'K', 'K', 'P', 'V', 'P', 'I', 'I', 'Y', 'C', 'N', 'R', 'R', 'T', 'G', 'K', 'C', 'Q', 'R', 'M', '<EOS>', '<PAD>', '<PAD>', '<PAD>', '<PAD>', '<PAD>', '<PAD>', '<PAD>', '<PAD>', '<PAD>']"
CP02924,GSLCGDTCFVLGCNDSSCSCNYPICVKD,GSLCGDTCFVLGCNDSSCSCNYPICVKD,28,G S L C G D T C F V L G C N D S S C S C N Y P I C V K D <EOS> <PAD> <PAD>,"['G', 'S', 'L', 'C', 'G', 'D', 'T', 'C', 'F', 'V', 'L', 'G', 'C', 'N', 'D', 'S', 'S', 'C', 'S', 'C', 'N', 'Y', 'P', 'I', 'C', 'V', 'K', 'D', '<EOS>', '<PAD>', '<PAD>']"
CP05619,GSPCGESCVFIPCISTVIGCSCKNKVCYRN,GSPCGESCVFIPCISTVIGCSCKNKVCYRN,30,G S P C G E S C V F I P C I S T V I G C S C K N K V C Y R N <EOS>,"['G', 'S', 'P', 'C', 'G', 'E', 'S', 'C', 'V', 'F', 'I', 'P', 'C', 'I', 'S', 'T', 'V', 'I', 'G', 'C', 'S', 'C', 'K', 'N', 'K', 'V', 'C', 'Y', 'R', 'N', '<EOS>']"
CP04963,GSPTCGETCFGGTCYTPGCVCDPWPICTKN,GSPTCGETCFGGTCYTPGCVCDPWPICTKN,30,G S P T C G E T C F G G T C Y T P G C V C D P W P I C T K N <EOS>,"['G', 'S', 'P', 'T', 'C', 'G', 'E', 'T', 'C', 'F', 'G', 'G', 'T', 'C', 'Y', 'T', 'P', 'G', 'C', 'V', 'C', 'D', 'P', 'W', 'P', 'I', 'C', 'T', 'K', 'N', '<EOS>']"
CP01074;CP02125;CP02279,GSQLVYRQWVGHSNVIKP,GSQLVYRQWVGHSNVIKP,18,G S Q L V Y R Q W V G H S N V I K P <EOS> <PAD> <PAD> <PAD> <PAD> <PAD> <PAD> <PAD> <PAD> <PAD> <PAD> <PAD> <PAD>,"['G', 'S', 'Q', 'L', 'V', 'Y', 'R', 'Q', 'W', 'V', 'G', 'H', 'S', 'N', 'V', 'I', 'K', 'P', '<EOS>', '<PAD>', '<PAD>', '<PAD>', '<PAD>', '<PAD>', '<PAD>', '<PAD>', '<PAD>', '<PAD>', '<PAD>', '<PAD>', '<PAD>']"
CP05536,GSRIWVPGLGPVYEED,GSRIWVPGLGPVYEED,16,G S R I W V P G L G P V Y E E D <EOS> <PAD> <PAD> <PAD> <PAD> <PAD> <PAD> <PAD> <PAD> <PAD> <PAD> <PAD> <PAD> <PAD> <PAD>,"['G', 'S', 'R', 'I', 'W', 'V', 'P', 'G', 'L', 'G', 'P', 'V', 'Y', 'E', 'E', 'D', '<EOS>', '<PAD>', '<PAD>', '<PAD>', '<PAD>', '<PAD>', '<PAD>', '<PAD>', '<PAD>', '<PAD>', '<PAD>', '<PAD>', '<PAD>', '<PAD>', '<PAD>']"
CP05345,GSSCGETCEVFSCFITRCACIDGLCYRN,GSSCGETCEVFSCFITRCACIDGLCYRN,28,G S S C G E T C E V F S C F I T R C A C I D G L C Y R N <EOS> <PAD> <PAD>,"['G', 'S', 'S', 'C', 'G', 'E', 'T', 'C', 'E', 'V', 'F', 'S', 'C', 'F', 'I', 'T', 'R', 'C', 'A', 'C', 'I', 'D', 'G', 'L', 'C', 'Y', 'R', 'N', '<EOS>', '<PAD>', '<PAD>']"
CP05258,GSSPLCGETCAGGTCNTPGCSCSWPVCVRD,GSSPLCGETCAGGTCNTPGCSCSWPVCVRD,30,G S S P L C G E T C A G G T C N T P G C S C S W P V C V R D <EOS>,"['G', 'S', 'S', 'P', 'L', 'C', 'G', 'E', 'T', 'C', 'A', 'G', 'G', 'T', 'C', 'N', 'T', 'P', 'G', 'C', 'S', 'C', 'S', 'W', 'P', 'V', 'C', 'V', 'R', 'D', '<EOS>']"
CP05360,GSVFNCGETCVFGTCFTSGCSCVYRVCSKD,GSVFNCGETCVFGTCFTSGCSCVYRVCSKD,30,G S V F N C G E T C V F G T C F T S G C S C V Y R V C S K D <EOS>,"['G', 'S', 'V', 'F', 'N', 'C', 'G', 'E', 'T', 'C', 'V', 'F', 'G', 'T', 'C', 'F', 'T', 'S', 'G', 'C', 'S', 'C', 'V', 'Y', 'R', 'V', 'C', 'S', 'K', 'D', '<EOS>']"
CP03010;CP05363,GSVIGCGETCLRGRCYTPGCTCDHGICKKN,GSVIGCGETCLRGRCYTPGCTCDHGICKKN,30,G S V I G C G E T C L R G R C Y T P G C T C D H G I C K K N <EOS>,"['G', 'S', 'V', 'I', 'G', 'C', 'G', 'E', 'T', 'C', 'L', 'R', 'G', 'R', 'C', 'Y', 'T', 'P', 'G', 'C', 'T', 'C', 'D', 'H', 'G', 'I', 'C', 'K', 'K', 'N', '<EOS>']"
CP02990;CP04012,GSVIKCGESCLLGKCYTPGCTCSRPICKKN,GSVIKCGESCLLGKCYTPGCTCSRPICKKN,30,G S V I K C G E S C L L G K C Y T P G C T C S R P I C K K N <EOS>,"['G', 'S', 'V', 'I', 'K', 'C', 'G', 'E', 'S', 'C', 'L', 'L', 'G', 'K', 'C', 'Y', 'T', 'P', 'G', 'C', 'T', 'C', 'S', 'R', 'P', 'I', 'C', 'K', 'K', 'N', '<EOS>']"
CP05749,GSYISCGETCVKLKCYTPGCKCTWPACKKN,GSYISCGETCVKLKCYTPGCKCTWPACKKN,30,G S Y I S C G E T C V K L K C Y T P G C K C T W P A C K K N <EOS>,"['G', 'S', 'Y', 'I', 'S', 'C', 'G', 'E', 'T', 'C', 'V', 'K', 'L', 'K', 'C', 'Y', 'T', 'P', 'G', 'C', 'K', 'C', 'T', 'W', 'P', 'A', 'C', 'K', 'K', 'N', '<EOS>']"
CP05521,GSYLCGETCVQGKCYTPGCTCSWPICKKN,GSYLCGETCVQGKCYTPGCTCSWPICKKN,29,G S Y L C G E T C V Q G K C Y T P G C T C S W P I C K K N <EOS> <PAD>,"['G', 'S', 'Y', 'L', 'C', 'G', 'E', 'T', 'C', 'V', 'Q', 'G', 'K', 'C', 'Y', 'T', 'P', 'G', 'C', 'T', 'C', 'S', 'W', 'P', 'I', 'C', 'K', 'K', 'N', '<EOS>', '<PAD>']"
CP04177,GTACGESCYVLPCFTVGCTCTSSQCFKN,GTACGESCYVLPCFTVGCTCTSSQCFKN,28,G T A C G E S C Y V L P C F T V G C T C T S S Q C F K N <EOS> <PAD> <PAD>,"['G', 'T', 'A', 'C', 'G', 'E', 'S', 'C', 'Y', 'V', 'L', 'P', 'C', 'F', 'T', 'V', 'G', 'C', 'T', 'C', 'T', 'S', 'S', 'Q', 'C', 'F', 'K', 'N', '<EOS>', '<PAD>', '<PAD>']"
CP05498,GTFCGETCVMFPCFSSARGCGCHNLGCELN,GTFCGETCVMFPCFSSARGCGCHNLGCELN,30,G T F C G E T C V M F P C F S S A R G C G C H N L G C E L N <EOS>,"['G', 'T', 'F', 'C', 'G', 'E', 'T', 'C', 'V', 'M', 'F', 'P', 'C', 'F', 'S', 'S', 'A', 'R', 'G', 'C', 'G', 'C', 'H', 'N', 'L', 'G', 'C', 'E', 'L', 'N', '<EOS>']"
CP04056;CP04867,GTHPCQETCVTSTRCSTQGCHCNWPICFKN,GTHPCQETCVTSTRCSTQGCHCNWPICFKN,30,G T H P C Q E T C V T S T R C S T Q G C H C N W P I C F K N <EOS>,"['G', 'T', 'H', 'P', 'C', 'Q', 'E', 'T', 'C', 'V', 'T', 'S', 'T', 'R', 'C', 'S', 'T', 'Q', 'G', 'C', 'H', 'C', 'N', 'W', 'P', 'I', 'C', 'F', 'K', 'N', '<EOS>']"
CP02906,GTPCAESCVYLPCFTGVIGCTCKDKVCYLN,GTPCAESCVYLPCFTGVIGCTCKDKVCYLN,30,G T P C A E S C V Y L P C F T G V I G C T C K D K V C Y L N <EOS>,"['G', 'T', 'P', 'C', 'A', 'E', 'S', 'C', 'V', 'Y', 'L', 'P', 'C', 'F', 'T', 'G', 'V', 'I', 'G', 'C', 'T', 'C', 'K', 'D', 'K', 'V', 'C', 'Y', 'L', 'N', '<EOS>']"
CP05344,GTPCGESCIYVPCISAVFGCWCQSKVCYKD,GTPCGESCIYVPCISAVFGCWCQSKVCYKD,30,G T P C G E S C I Y V P C I S A V F G C W C Q S K V C Y K D <EOS>,"['G', 'T', 'P', 'C', 'G', 'E', 'S', 'C', 'I', 'Y', 'V', 'P', 'C', 'I', 'S', 'A', 'V', 'F', 'G', 'C', 'W', 'C', 'Q', 'S', 'K', 'V', 'C', 'Y', 'K', 'D', '<EOS>']"
CP05643,GTPCGESCVWIPCVTTIVGCSCKSNVCYLN,GTPCGESCVWIPCVTTIVGCSCKSNVCYLN,30,G T P C G E S C V W I P C V T T I V G C S C K S N V C Y L N <EOS>,"['G', 'T', 'P', 'C', 'G', 'E', 'S', 'C', 'V', 'W', 'I', 'P', 'C', 'V', 'T', 'T', 'I', 'V', 'G', 'C', 'S', 'C', 'K', 'S', 'N', 'V', 'C', 'Y', 'L', 'N', '<EOS>']"
CP05819,GTPCGESCVYGPCISGVIGCSCTDKVCYLN,GTPCGESCVYGPCISGVIGCSCTDKVCYLN,30,G T P C G E S C V Y G P C I S G V I G C S C T D K V C Y L N <EOS>,"['G', 'T', 'P', 'C', 'G', 'E', 'S', 'C', 'V', 'Y', 'G', 'P', 'C', 'I', 'S', 'G', 'V', 'I', 'G', 'C', 'S', 'C', 'T', 'D', 'K', 'V', 'C', 'Y', 'L', 'N', '<EOS>']"
CP02905,GTPCGESCVYIPCFTAVVGCTCKDKVCYLN,GTPCGESCVYIPCFTAVVGCTCKDKVCYLN,30,G T P C G E S C V Y I P C F T A V V G C T C K D K V C Y L N <EOS>,"['G', 'T', 'P', 'C', 'G', 'E', 'S', 'C', 'V', 'Y', 'I', 'P', 'C', 'F', 'T', 'A', 'V', 'V', 'G', 'C', 'T', 'C', 'K', 'D', 'K', 'V', 'C', 'Y', 'L', 'N', '<EOS>']"
CP05640,GTPCGESCVYIPCLSTVLGCSCSNRICYRN,GTPCGESCVYIPCLSTVLGCSCSNRICYRN,30,G T P C G E S C V Y I P C L S T V L G C S C S N R I C Y R N <EOS>,"['G', 'T', 'P', 'C', 'G', 'E', 'S', 'C', 'V', 'Y', 'I', 'P', 'C', 'L', 'S', 'T', 'V', 'L', 'G', 'C', 'S', 'C', 'S', 'N', 'R', 'I', 'C', 'Y', 'R', 'N', '<EOS>']"
CP06880,GTRCARCARTCRTACAT,GTRCARCARTCRTACAT,17,G T R C A R C A R T C R T A C A T <EOS> <PAD> <PAD> <PAD> <PAD> <PAD> <PAD> <PAD> <PAD> <PAD> <PAD> <PAD> <PAD> <PAD>,"['G', 'T', 'R', 'C', 'A', 'R', 'C', 'A', 'R', 'T', 'C', 'R', 'T', 'A', 'C', 'A', 'T', '<EOS>', '<PAD>', '<PAD>', '<PAD>', '<PAD>', '<PAD>', '<PAD>', '<PAD>', '<PAD>', '<PAD>', '<PAD>', '<PAD>', '<PAD>', '<PAD>']"
CP08750,GTRCGGYCTDDVCC,GTRCGGYCTDDVCC,14,G T R C G G Y C T D D V C C <EOS> <PAD> <PAD> <PAD> <PAD> <PAD> <PAD> <PAD> <PAD> <PAD> <PAD> <PAD> <PAD> <PAD> <PAD> <PAD> <PAD>,"['G', 'T', 'R', 'C', 'G', 'G', 'Y', 'C', 'T', 'D', 'D', 'V', 'C', 'C', '<EOS>', '<PAD>', '<PAD>', '<PAD>', '<PAD>', '<PAD>', '<PAD>', '<PAD>', '<PAD>', '<PAD>', '<PAD>', '<PAD>', '<PAD>', '<PAD>', '<PAD>', '<PAD>', '<PAD>']"
CP03008,GTSCGETCVLLPCLSSVLGCTCQNKRCYKD,GTSCGETCVLLPCLSSVLGCTCQNKRCYKD,30,G T S C G E T C V L L P C L S S V L G C T C Q N K R C Y K D <EOS>,"['G', 'T', 'S', 'C', 'G', 'E', 'T', 'C', 'V', 'L', 'L', 'P', 'C', 'L', 'S', 'S', 'V', 'L', 'G', 'C', 'T', 'C', 'Q', 'N', 'K', 'R', 'C', 'Y', 'K', 'D', '<EOS>']"
CP05746,GVACGESCIIRPCIFTAILGCRCRFTVCVN,GVACGESCIIRPCIFTAILGCRCRFTVCVN,30,G V A C G E S C I I R P C I F T A I L G C R C R F T V C V N <EOS>,"['G', 'V', 'A', 'C', 'G', 'E', 'S', 'C', 'I', 'I', 'R', 'P', 'C', 'I', 'F', 'T', 'A', 'I', 'L', 'G', 'C', 'R', 'C', 'R', 'F', 'T', 'V', 'C', 'V', 'N', '<EOS>']"
CP04071;CP05422,GVACGESCVYLPCFTVGCTCTSSQCFKN,GVACGESCVYLPCFTVGCTCTSSQCFKN,28,G V A C G E S C V Y L P C F T V G C T C T S S Q C F K N <EOS> <PAD> <PAD>,"['G', 'V', 'A', 'C', 'G', 'E', 'S', 'C', 'V', 'Y', 'L', 'P', 'C', 'F', 'T', 'V', 'G', 'C', 'T', 'C', 'T', 'S', 'S', 'Q', 'C', 'F', 'K', 'N', '<EOS>', '<PAD>', '<PAD>']"
CP05350,GVAVCGETCTLGTCYTPGCSCDWPICKRN,GVAVCGETCTLGTCYTPGCSCDWPICKRN,29,G V A V C G E T C T L G T C Y T P G C S C D W P I C K R N <EOS> <PAD>,"['G', 'V', 'A', 'V', 'C', 'G', 'E', 'T', 'C', 'T', 'L', 'G', 'T', 'C', 'Y', 'T', 'P', 'G', 'C', 'S', 'C', 'D', 'W', 'P', 'I', 'C', 'K', 'R', 'N', '<EOS>', '<PAD>']"
CP02821,GVCRCLCRRGVCRCLCRR,GVCRCLCRRGVCRCLCRR,18,G V C R C L C R R G V C R C L C R R <EOS> <PAD> <PAD> <PAD> <PAD> <PAD> <PAD> <PAD> <PAD> <PAD> <PAD> <PAD> <PAD>,"['G', 'V', 'C', 'R', 'C', 'L', 'C', 'R', 'R', 'G', 'V', 'C', 'R', 'C', 'L', 'C', 'R', 'R', '<EOS>', '<PAD>', '<PAD>', '<PAD>', '<PAD>', '<PAD>', '<PAD>', '<PAD>', '<PAD>', '<PAD>', '<PAD>', '<PAD>', '<PAD>']"
CP04137;CP04907,GVFCGEACAQASCSIAGCECIAGLCYKN,GVFCGEACAQASCSIAGCECIAGLCYKN,28,G V F C G E A C A Q A S C S I A G C E C I A G L C Y K N <EOS> <PAD> <PAD>,"['G', 'V', 'F', 'C', 'G', 'E', 'A', 'C', 'A', 'Q', 'A', 'S', 'C', 'S', 'I', 'A', 'G', 'C', 'E', 'C', 'I', 'A', 'G', 'L', 'C', 'Y', 'K', 'N', '<EOS>', '<PAD>', '<PAD>']"
CP04138;CP04869,GVFCGELCIKASCSIPGCECIAGLCYKN,GVFCGELCIKASCSIPGCECIAGLCYKN,28,G V F C G E L C I K A S C S I P G C E C I A G L C Y K N <EOS> <PAD> <PAD>,"['G', 'V', 'F', 'C', 'G', 'E', 'L', 'C', 'I', 'K', 'A', 'S', 'C', 'S', 'I', 'P', 'G', 'C', 'E', 'C', 'I', 'A', 'G', 'L', 'C', 'Y', 'K', 'N', '<EOS>', '<PAD>', '<PAD>']"
CP04086;CP05369,GVIPCGESCVFIPCINKKKCSCKNKVCYRD,GVIPCGESCVFIPCINKKKCSCKNKVCYRD,30,G V I P C G E S C V F I P C I N K K K C S C K N K V C Y R D <EOS>,"['G', 'V', 'I', 'P', 'C', 'G', 'E', 'S', 'C', 'V', 'F', 'I', 'P', 'C', 'I', 'N', 'K', 'K', 'K', 'C', 'S', 'C', 'K', 'N', 'K', 'V', 'C', 'Y', 'R', 'D', '<EOS>']"
CP04943,GVIPCGESCVWIPCISIGCSCKKNVCYRN,GVIPCGESCVWIPCISIGCSCKKNVCYRN,29,G V I P C G E S C V W I P C I S I G C S C K K N V C Y R N <EOS> <PAD>,"['G', 'V', 'I', 'P', 'C', 'G', 'E', 'S', 'C', 'V', 'W', 'I', 'P', 'C', 'I', 'S', 'I', 'G', 'C', 'S', 'C', 'K', 'K', 'N', 'V', 'C', 'Y', 'R', 'N', '<EOS>', '<PAD>']"
CP03379,GVITDALKGKTVELLRKAHCKLTNSC,GVITDALKGKTVELLRKAHCKLTNSC,26,G V I T D A L K G K T V E L L R K A H C K L T N S C <EOS> <PAD> <PAD> <PAD> <PAD>,"['G', 'V', 'I', 'T', 'D', 'A', 'L', 'K', 'G', 'K', 'T', 'V', 'E', 'L', 'L', 'R', 'K', 'A', 'H', 'C', 'K', 'L', 'T', 'N', 'S', 'C', '<EOS>', '<PAD>', '<PAD>', '<PAD>', '<PAD>']"
CP03743,GVKELFGKAWGLVKKHLPKACGLLGYVKQ,GVKELFGKAWGLVKKHLPKACGLLGYVKQ,29,G V K E L F G K A W G L V K K H L P K A C G L L G Y V K Q <EOS> <PAD>,"['G', 'V', 'K', 'E', 'L', 'F', 'G', 'K', 'A', 'W', 'G', 'L', 'V', 'K', 'K', 'H', 'L', 'P', 'K', 'A', 'C', 'G', 'L', 'L', 'G', 'Y', 'V', 'K', 'Q', '<EOS>', '<PAD>']"
CP05767,GVLCAESCTFTSCFLTGCTCERNFCFRN,GVLCAESCTFTSCFLTGCTCERNFCFRN,28,G V L C A E S C T F T S C F L T G C T C E R N F C F R N <EOS> <PAD> <PAD>,"['G', 'V', 'L', 'C', 'A', 'E', 'S', 'C', 'T', 'F', 'T', 'S', 'C', 'F', 'L', 'T', 'G', 'C', 'T', 'C', 'E', 'R', 'N', 'F', 'C', 'F', 'R', 'N', '<EOS>', '<PAD>', '<PAD>']"
CP05121,GVPCAESCVYIPCISTVLGCSCSNQVCYRN,GVPCAESCVYIPCISTVLGCSCSNQVCYRN,30,G V P C A E S C V Y I P C I S T V L G C S C S N Q V C Y R N <EOS>,"['G', 'V', 'P', 'C', 'A', 'E', 'S', 'C', 'V', 'Y', 'I', 'P', 'C', 'I', 'S', 'T', 'V', 'L', 'G', 'C', 'S', 'C', 'S', 'N', 'Q', 'V', 'C', 'Y', 'R', 'N', '<EOS>']"
CP05763,GVPCGESCNVIPCIASLSCRCKSKVCFQN,GVPCGESCNVIPCIASLSCRCKSKVCFQN,29,G V P C G E S C N V I P C I A S L S C R C K S K V C F Q N <EOS> <PAD>,"['G', 'V', 'P', 'C', 'G', 'E', 'S', 'C', 'N', 'V', 'I', 'P', 'C', 'I', 'A', 'S', 'L', 'S', 'C', 'R', 'C', 'K', 'S', 'K', 'V', 'C', 'F', 'Q', 'N', '<EOS>', '<PAD>']"
CP05844,GVPCGESCVFIPCFTTVVGCSCKDKVCYNN,GVPCGESCVFIPCFTTVVGCSCKDKVCYNN,30,G V P C G E S C V F I P C F T T V V G C S C K D K V C Y N N <EOS>,"['G', 'V', 'P', 'C', 'G', 'E', 'S', 'C', 'V', 'F', 'I', 'P', 'C', 'F', 'T', 'T', 'V', 'V', 'G', 'C', 'S', 'C', 'K', 'D', 'K', 'V', 'C', 'Y', 'N', 'N', '<EOS>']"
CP02893,GVPCGESCVFIPCITGVIGCSCSSNVCYLN,GVPCGESCVFIPCITGVIGCSCSSNVCYLN,30,G V P C G E S C V F I P C I T G V I G C S C S S N V C Y L N <EOS>,"['G', 'V', 'P', 'C', 'G', 'E', 'S', 'C', 'V', 'F', 'I', 'P', 'C', 'I', 'T', 'G', 'V', 'I', 'G', 'C', 'S', 'C', 'S', 'S', 'N', 'V', 'C', 'Y', 'L', 'N', '<EOS>']"
CP05843,GVPCGESCVFIPCITTVIGCSCKDKVCTYN,GVPCGESCVFIPCITTVIGCSCKDKVCTYN,30,G V P C G E S C V F I P C I T T V I G C S C K D K V C T Y N <EOS>,"['G', 'V', 'P', 'C', 'G', 'E', 'S', 'C', 'V', 'F', 'I', 'P', 'C', 'I', 'T', 'T', 'V', 'I', 'G', 'C', 'S', 'C', 'K', 'D', 'K', 'V', 'C', 'T', 'Y', 'N', '<EOS>']"
CP05184,GVPCGESCVFIPCLTAVVGCSCSNKVCYLN,GVPCGESCVFIPCLTAVVGCSCSNKVCYLN,30,G V P C G E S C V F I P C L T A V V G C S C S N K V C Y L N <EOS>,"['G', 'V', 'P', 'C', 'G', 'E', 'S', 'C', 'V', 'F', 'I', 'P', 'C', 'L', 'T', 'A', 'V', 'V', 'G', 'C', 'S', 'C', 'S', 'N', 'K', 'V', 'C', 'Y', 'L', 'N', '<EOS>']"
CP05497,GVPCGESCVWIPCLTGAIGCSCSNKVCYLN,GVPCGESCVWIPCLTGAIGCSCSNKVCYLN,30,G V P C G E S C V W I P C L T G A I G C S C S N K V C Y L N <EOS>,"['G', 'V', 'P', 'C', 'G', 'E', 'S', 'C', 'V', 'W', 'I', 'P', 'C', 'L', 'T', 'G', 'A', 'I', 'G', 'C', 'S', 'C', 'S', 'N', 'K', 'V', 'C', 'Y', 'L', 'N', '<EOS>']"
CP04915,GVPCGESCVWIPCLTSAIGCSCKSSVCYRN,GVPCGESCVWIPCLTSAIGCSCKSSVCYRN,30,G V P C G E S C V W I P C L T S A I G C S C K S S V C Y R N <EOS>,"['G', 'V', 'P', 'C', 'G', 'E', 'S', 'C', 'V', 'W', 'I', 'P', 'C', 'L', 'T', 'S', 'A', 'I', 'G', 'C', 'S', 'C', 'K', 'S', 'S', 'V', 'C', 'Y', 'R', 'N', '<EOS>']"
CP05328,GVPCGESCVWMYCISMGCSCRNKVCYRN,GVPCGESCVWMYCISMGCSCRNKVCYRN,28,G V P C G E S C V W M Y C I S M G C S C R N K V C Y R N <EOS> <PAD> <PAD>,"['G', 'V', 'P', 'C', 'G', 'E', 'S', 'C', 'V', 'W', 'M', 'Y', 'C', 'I', 'S', 'M', 'G', 'C', 'S', 'C', 'R', 'N', 'K', 'V', 'C', 'Y', 'R', 'N', '<EOS>', '<PAD>', '<PAD>']"
CP04058;CP04865,GVPCGESCVYIPCFTGIINCSCRDKVCYNN,GVPCGESCVYIPCFTGIINCSCRDKVCYNN,30,G V P C G E S C V Y I P C F T G I I N C S C R D K V C Y N N <EOS>,"['G', 'V', 'P', 'C', 'G', 'E', 'S', 'C', 'V', 'Y', 'I', 'P', 'C', 'F', 'T', 'G', 'I', 'I', 'N', 'C', 'S', 'C', 'R', 'D', 'K', 'V', 'C', 'Y', 'N', 'N', '<EOS>']"
CP05254,GVPCGESCVYIPCITSVIGCSCSSKVCYIN,GVPCGESCVYIPCITSVIGCSCSSKVCYIN,30,G V P C G E S C V Y I P C I T S V I G C S C S S K V C Y I N <EOS>,"['G', 'V', 'P', 'C', 'G', 'E', 'S', 'C', 'V', 'Y', 'I', 'P', 'C', 'I', 'T', 'S', 'V', 'I', 'G', 'C', 'S', 'C', 'S', 'S', 'K', 'V', 'C', 'Y', 'I', 'N', '<EOS>']"
CP05748,GVPICGESCFKGACYTPGCTCNWPVCERN,GVPICGESCFKGACYTPGCTCNWPVCERN,29,G V P I C G E S C F K G A C Y T P G C T C N W P V C E R N <EOS> <PAD>,"['G', 'V', 'P', 'I', 'C', 'G', 'E', 'S', 'C', 'F', 'K', 'G', 'A', 'C', 'Y', 'T', 'P', 'G', 'C', 'T', 'C', 'N', 'W', 'P', 'V', 'C', 'E', 'R', 'N', '<EOS>', '<PAD>']"
CP05346,GVPICGETCFQGTCNTPGCTCKWPICERN,GVPICGETCFQGTCNTPGCTCKWPICERN,29,G V P I C G E T C F Q G T C N T P G C T C K W P I C E R N <EOS> <PAD>,"['G', 'V', 'P', 'I', 'C', 'G', 'E', 'T', 'C', 'F', 'Q', 'G', 'T', 'C', 'N', 'T', 'P', 'G', 'C', 'T', 'C', 'K', 'W', 'P', 'I', 'C', 'E', 'R', 'N', '<EOS>', '<PAD>']"
CP05764,GVTCRETCYSQDCYSAWAGCKCNDGACFIN,GVTCRETCYSQDCYSAWAGCKCNDGACFIN,30,G V T C R E T C Y S Q D C Y S A W A G C K C N D G A C F I N <EOS>,"['G', 'V', 'T', 'C', 'R', 'E', 'T', 'C', 'Y', 'S', 'Q', 'D', 'C', 'Y', 'S', 'A', 'W', 'A', 'G', 'C', 'K', 'C', 'N', 'D', 'G', 'A', 'C', 'F', 'I', 'N', '<EOS>']"
CP03732,GWCRCVCRRGICRCFCRK,GWCRCVCRRGICRCFCRK,18,G W C R C V C R R G I C R C F C R K <EOS> <PAD> <PAD> <PAD> <PAD> <PAD> <PAD> <PAD> <PAD> <PAD> <PAD> <PAD> <PAD>,"['G', 'W', 'C', 'R', 'C', 'V', 'C', 'R', 'R', 'G', 'I', 'C', 'R', 'C', 'F', 'C', 'R', 'K', '<EOS>', '<PAD>', '<PAD>', '<PAD>', '<PAD>', '<PAD>', '<PAD>', '<PAD>', '<PAD>', '<PAD>', '<PAD>', '<PAD>', '<PAD>']"
CP07621,GWVYHAHPDANSWWS,GWVYHAHPDANSWWS,15,G W V Y H A H P D A N S W W S <EOS> <PAD> <PAD> <PAD> <PAD> <PAD> <PAD> <PAD> <PAD> <PAD> <PAD> <PAD> <PAD> <PAD> <PAD> <PAD>,"['G', 'W', 'V', 'Y', 'H', 'A', 'H', 'P', 'D', 'A', 'N', 'S', 'W', 'W', 'S', '<EOS>', '<PAD>', '<PAD>', '<PAD>', '<PAD>', '<PAD>', '<PAD>', '<PAD>', '<PAD>', '<PAD>', '<PAD>', '<PAD>', '<PAD>', '<PAD>', '<PAD>', '<PAD>']"
CP07620,GWVYHAHPEPNSFWT,GWVYHAHPEPNSFWT,15,G W V Y H A H P E P N S F W T <EOS> <PAD> <PAD> <PAD> <PAD> <PAD> <PAD> <PAD> <PAD> <PAD> <PAD> <PAD> <PAD> <PAD> <PAD> <PAD>,"['G', 'W', 'V', 'Y', 'H', 'A', 'H', 'P', 'E', 'P', 'N', 'S', 'F', 'W', 'T', '<EOS>', '<PAD>', '<PAD>', '<PAD>', '<PAD>', '<PAD>', '<PAD>', '<PAD>', '<PAD>', '<PAD>', '<PAD>', '<PAD>', '<PAD>', '<PAD>', '<PAD>', '<PAD>']"
CP07619,GWVYHANPEANSWWT,GWVYHANPEANSWWT,15,G W V Y H A N P E A N S W W T <EOS> <PAD> <PAD> <PAD> <PAD> <PAD> <PAD> <PAD> <PAD> <PAD> <PAD> <PAD> <PAD> <PAD> <PAD> <PAD>,"['G', 'W', 'V', 'Y', 'H', 'A', 'N', 'P', 'E', 'A', 'N', 'S', 'W', 'W', 'T', '<EOS>', '<PAD>', '<PAD>', '<PAD>', '<PAD>', '<PAD>', '<PAD>', '<PAD>', '<PAD>', '<PAD>', '<PAD>', '<PAD>', '<PAD>', '<PAD>', '<PAD>', '<PAD>']"
CP05849,GYELCGETCALSGGCNTGGCQCAWPVCIKN,GYELCGETCALSGGCNTGGCQCAWPVCIKN,30,G Y E L C G E T C A L S G G C N T G G C Q C A W P V C I K N <EOS>,"['G', 'Y', 'E', 'L', 'C', 'G', 'E', 'T', 'C', 'A', 'L', 'S', 'G', 'G', 'C', 'N', 'T', 'G', 'G', 'C', 'Q', 'C', 'A', 'W', 'P', 'V', 'C', 'I', 'K', 'N', '<EOS>']"
CP05758,GYNCGETCWGFHCDRDDCSCGLTWPYCSKN,GYNCGETCWGFHCDRDDCSCGLTWPYCSKN,30,G Y N C G E T C W G F H C D R D D C S C G L T W P Y C S K N <EOS>,"['G', 'Y', 'N', 'C', 'G', 'E', 'T', 'C', 'W', 'G', 'F', 'H', 'C', 'D', 'R', 'D', 'D', 'C', 'S', 'C', 'G', 'L', 'T', 'W', 'P', 'Y', 'C', 'S', 'K', 'N', '<EOS>']"
CP05187,GYPICGESCVGGTCNTPGCSCSWPVCTTN,GYPICGESCVGGTCNTPGCSCSWPVCTTN,29,G Y P I C G E S C V G G T C N T P G C S C S W P V C T T N <EOS> <PAD>,"['G', 'Y', 'P', 'I', 'C', 'G', 'E', 'S', 'C', 'V', 'G', 'G', 'T', 'C', 'N', 'T', 'P', 'G', 'C', 'S', 'C', 'S', 'W', 'P', 'V', 'C', 'T', 'T', 'N', '<EOS>', '<PAD>']"
CP06236,HCCPIDLPCCPP,HCCPIDLPCCPP,12,H C C P I D L P C C P P <EOS> <PAD> <PAD> <PAD> <PAD> <PAD> <PAD> <PAD> <PAD> <PAD> <PAD> <PAD> <PAD> <PAD> <PAD> <PAD> <PAD> <PAD> <PAD>,"['H', 'C', 'C', 'P', 'I', 'D', 'L', 'P', 'C', 'C', 'P', 'P', '<EOS>', '<PAD>', '<PAD>', '<PAD>', '<PAD>', '<PAD>', '<PAD>', '<PAD>', '<PAD>', '<PAD>', '<PAD>', '<PAD>', '<PAD>', '<PAD>', '<PAD>', '<PAD>', '<PAD>', '<PAD>', '<PAD>']"
CP06237,HCCPIDLQCCPP,HCCPIDLQCCPP,12,H C C P I D L Q C C P P <EOS> <PAD> <PAD> <PAD> <PAD> <PAD> <PAD> <PAD> <PAD> <PAD> <PAD> <PAD> <PAD> <PAD> <PAD> <PAD> <PAD> <PAD> <PAD>,"['H', 'C', 'C', 'P', 'I', 'D', 'L', 'Q', 'C', 'C', 'P', 'P', '<EOS>', '<PAD>', '<PAD>', '<PAD>', '<PAD>', '<PAD>', '<PAD>', '<PAD>', '<PAD>', '<PAD>', '<PAD>', '<PAD>', '<PAD>', '<PAD>', '<PAD>', '<PAD>', '<PAD>', '<PAD>', '<PAD>']"
CP07702,HDNWIDCCHDGDCC,HDNWIDCCHDGDCC,14,H D N W I D C C H D G D C C <EOS> <PAD> <PAD> <PAD> <PAD> <PAD> <PAD> <PAD> <PAD> <PAD> <PAD> <PAD> <PAD> <PAD> <PAD> <PAD> <PAD>,"['H', 'D', 'N', 'W', 'I', 'D', 'C', 'C', 'H', 'D', 'G', 'D', 'C', 'C', '<EOS>', '<PAD>', '<PAD>', '<PAD>', '<PAD>', '<PAD>', '<PAD>', '<PAD>', '<PAD>', '<PAD>', '<PAD>', '<PAD>', '<PAD>', '<PAD>', '<PAD>', '<PAD>', '<PAD>']"
CP07661,HECCSYPACAYTHPELCG,HECCSYPACAYTHPELCG,18,H E C C S Y P A C A Y T H P E L C G <EOS> <PAD> <PAD> <PAD> <PAD> <PAD> <PAD> <PAD> <PAD> <PAD> <PAD> <PAD> <PAD>,"['H', 'E', 'C', 'C', 'S', 'Y', 'P', 'A', 'C', 'A', 'Y', 'T', 'H', 'P', 'E', 'L', 'C', 'G', '<EOS>', '<PAD>', '<PAD>', '<PAD>', '<PAD>', '<PAD>', '<PAD>', '<PAD>', '<PAD>', '<PAD>', '<PAD>', '<PAD>', '<PAD>']"
CP03086;CP04836,HEPCGESCVFIPCITTVVGCSCKNKVCYD,HEPCGESCVFIPCITTVVGCSCKNKVCYD,29,H E P C G E S C V F I P C I T T V V G C S C K N K V C Y D <EOS> <PAD>,"['H', 'E', 'P', 'C', 'G', 'E', 'S', 'C', 'V', 'F', 'I', 'P', 'C', 'I', 'T', 'T', 'V', 'V', 'G', 'C', 'S', 'C', 'K', 'N', 'K', 'V', 'C', 'Y', 'D', '<EOS>', '<PAD>']"
CP07705,HFYLRDEDWVDCCQMGDCCDE,HFYLRDEDWVDCCQMGDCCDE,21,H F Y L R D E D W V D C C Q M G D C C D E <EOS> <PAD> <PAD> <PAD> <PAD> <PAD> <PAD> <PAD> <PAD> <PAD>,"['H', 'F', 'Y', 'L', 'R', 'D', 'E', 'D', 'W', 'V', 'D', 'C', 'C', 'Q', 'M', 'G', 'D', 'C', 'C', 'D', 'E', '<EOS>', '<PAD>', '<PAD>', '<PAD>', '<PAD>', '<PAD>', '<PAD>', '<PAD>', '<PAD>', '<PAD>']"
CP07395,HGCCKGPEGCSSRECRPQHCC,HGCCKGPEGCSSRECRPQHCC,21,H G C C K G P E G C S S R E C R P Q H C C <EOS> <PAD> <PAD> <PAD> <PAD> <PAD> <PAD> <PAD> <PAD> <PAD>,"['H', 'G', 'C', 'C', 'K', 'G', 'P', 'E', 'G', 'C', 'S', 'S', 'R', 'E', 'C', 'R', 'P', 'Q', 'H', 'C', 'C', '<EOS>', '<PAD>', '<PAD>', '<PAD>', '<PAD>', '<PAD>', '<PAD>', '<PAD>', '<PAD>', '<PAD>']"
CP07830,HPHNHFPFACPWC,HPHNHFPFACPWC,13,H P H N H F P F A C P W C <EOS> <PAD> <PAD> <PAD> <PAD> <PAD> <PAD> <PAD> <PAD> <PAD> <PAD> <PAD> <PAD> <PAD> <PAD> <PAD> <PAD> <PAD>,"['H', 'P', 'H', 'N', 'H', 'F', 'P', 'F', 'A', 'C', 'P', 'W', 'C', '<EOS>', '<PAD>', '<PAD>', '<PAD>', '<PAD>', '<PAD>', '<PAD>', '<PAD>', '<PAD>', '<PAD>', '<PAD>', '<PAD>', '<PAD>', '<PAD>', '<PAD>', '<PAD>', '<PAD>', '<PAD>']"
CP04890,HVIEANSVDFLKMPKALTN,HVIEANSVDFLKMPKALTN,19,H V I E A N S V D F L K M P K A L T N <EOS> <PAD> <PAD> <PAD> <PAD> <PAD> <PAD> <PAD> <PAD> <PAD> <PAD> <PAD>,"['H', 'V', 'I', 'E', 'A', 'N', 'S', 'V', 'D', 'F', 'L', 'K', 'M', 'P', 'K', 'A', 'L', 'T', 'N', '<EOS>', '<PAD>', '<PAD>', '<PAD>', '<PAD>', '<PAD>', '<PAD>', '<PAD>', '<PAD>', '<PAD>', '<PAD>', '<PAD>']"
CP07668,IALIATRECCADPQCWAKNC,IALIATRECCADPQCWAKNC,20,I A L I A T R E C C A D P Q C W A K N C <EOS> <PAD> <PAD> <PAD> <PAD> <PAD> <PAD> <PAD> <PAD> <PAD> <PAD>,"['I', 'A', 'L', 'I', 'A', 'T', 'R', 'E', 'C', 'C', 'A', 'D', 'P', 'Q', 'C', 'W', 'A', 'K', 'N', 'C', '<EOS>', '<PAD>', '<PAD>', '<PAD>', '<PAD>', '<PAD>', '<PAD>', '<PAD>', '<PAD>', '<PAD>', '<PAD>']"
CP07658,IALIATRECCANPQCWSKNC,IALIATRECCANPQCWSKNC,20,I A L I A T R E C C A N P Q C W S K N C <EOS> <PAD> <PAD> <PAD> <PAD> <PAD> <PAD> <PAD> <PAD> <PAD> <PAD>,"['I', 'A', 'L', 'I', 'A', 'T', 'R', 'E', 'C', 'C', 'A', 'N', 'P', 'Q', 'C', 'W', 'S', 'K', 'N', 'C', '<EOS>', '<PAD>', '<PAD>', '<PAD>', '<PAD>', '<PAD>', '<PAD>', '<PAD>', '<PAD>', '<PAD>', '<PAD>']"
CP03161,IASKFICTPGCAKTGSFNSYCC,IASKFICTPGCAKTGSFNSYCC,22,I A S K F I C T P G C A K T G S F N S Y C C <EOS> <PAD> <PAD> <PAD> <PAD> <PAD> <PAD> <PAD> <PAD>,"['I', 'A', 'S', 'K', 'F', 'I', 'C', 'T', 'P', 'G', 'C', 'A', 'K', 'T', 'G', 'S', 'F', 'N', 'S', 'Y', 'C', 'C', '<EOS>', '<PAD>', '<PAD>', '<PAD>', '<PAD>', '<PAD>', '<PAD>', '<PAD>', '<PAD>']"
CP07782,ICCPLMELCCEW,ICCPLMELCCEW,12,I C C P L M E L C C E W <EOS> <PAD> <PAD> <PAD> <PAD> <PAD> <PAD> <PAD> <PAD> <PAD> <PAD> <PAD> <PAD> <PAD> <PAD> <PAD> <PAD> <PAD> <PAD>,"['I', 'C', 'C', 'P', 'L', 'M', 'E', 'L', 'C', 'C', 'E', 'W', '<EOS>', '<PAD>', '<PAD>', '<PAD>', '<PAD>', '<PAD>', '<PAD>', '<PAD>', '<PAD>', '<PAD>', '<PAD>', '<PAD>', '<PAD>', '<PAD>', '<PAD>', '<PAD>', '<PAD>', '<PAD>', '<PAD>']"
CP07427,ICCPQGGCHQLCQCCGC,ICCPQGGCHQLCQCCGC,17,I C C P Q G G C H Q L C Q C C G C <EOS> <PAD> <PAD> <PAD> <PAD> <PAD> <PAD> <PAD> <PAD> <PAD> <PAD> <PAD> <PAD> <PAD>,"['I', 'C', 'C', 'P', 'Q', 'G', 'G', 'C', 'H', 'Q', 'L', 'C', 'Q', 'C', 'C', 'G', 'C', '<EOS>', '<PAD>', '<PAD>', '<PAD>', '<PAD>', '<PAD>', '<PAD>', '<PAD>', '<PAD>', '<PAD>', '<PAD>', '<PAD>', '<PAD>', '<PAD>']"
CP01193,ICVVQDWGHHACT,ICVVQDWGHHACT,13,I C V V Q D W G H H A C T <EOS> <PAD> <PAD> <PAD> <PAD> <PAD> <PAD> <PAD> <PAD> <PAD> <PAD> <PAD> <PAD> <PAD> <PAD> <PAD> <PAD> <PAD>,"['I', 'C', 'V', 'V', 'Q', 'D', 'W', 'G', 'H', 'H', 'A', 'C', 'T', '<EOS>', '<PAD>', '<PAD>', '<PAD>', '<PAD>', '<PAD>', '<PAD>', '<PAD>', '<PAD>', '<PAD>', '<PAD>', '<PAD>', '<PAD>', '<PAD>', '<PAD>', '<PAD>', '<PAD>', '<PAD>']"
CP03414,IDPFVAGVEMMQHVYCSKKC,IDPFVAGVEMMQHVYCSKKC,20,I D P F V A G V E M M Q H V Y C S K K C <EOS> <PAD> <PAD> <PAD> <PAD> <PAD> <PAD> <PAD> <PAD> <PAD> <PAD>,"['I', 'D', 'P', 'F', 'V', 'A', 'G', 'V', 'E', 'M', 'M', 'Q', 'H', 'V', 'Y', 'C', 'S', 'K', 'K', 'C', '<EOS>', '<PAD>', '<PAD>', '<PAD>', '<PAD>', '<PAD>', '<PAD>', '<PAD>', '<PAD>', '<PAD>', '<PAD>']"
CP03686,IDWKKLLDKKIL,IDWKKLLDKKIL,12,I D W K K L L D K K I L <EOS> <PAD> <PAD> <PAD> <PAD> <PAD> <PAD> <PAD> <PAD> <PAD> <PAD> <PAD> <PAD> <PAD> <PAD> <PAD> <PAD> <PAD> <PAD>,"['I', 'D', 'W', 'K', 'K', 'L', 'L', 'D', 'K', 'K', 'I', 'L', '<EOS>', '<PAD>', '<PAD>', '<PAD>', '<PAD>', '<PAD>', '<PAD>', '<PAD>', '<PAD>', '<PAD>', '<PAD>', '<PAD>', '<PAD>', '<PAD>', '<PAD>', '<PAD>', '<PAD>', '<PAD>', '<PAD>']"
CP03682,IDWKKLLNKQIL,IDWKKLLNKQIL,12,I D W K K L L N K Q I L <EOS> <PAD> <PAD> <PAD> <PAD> <PAD> <PAD> <PAD> <PAD> <PAD> <PAD> <PAD> <PAD> <PAD> <PAD> <PAD> <PAD> <PAD> <PAD>,"['I', 'D', 'W', 'K', 'K', 'L', 'L', 'N', 'K', 'Q', 'I', 'L', '<EOS>', '<PAD>', '<PAD>', '<PAD>', '<PAD>', '<PAD>', '<PAD>', '<PAD>', '<PAD>', '<PAD>', '<PAD>', '<PAD>', '<PAD>', '<PAD>', '<PAD>', '<PAD>', '<PAD>', '<PAD>', '<PAD>']"
CP05796,IFDCGESCIMGKCYTPGCSCGSWKMCYGTN,IFDCGESCIMGKCYTPGCSCGSWKMCYGTN,30,I F D C G E S C I M G K C Y T P G C S C G S W K M C Y G T N <EOS>,"['I', 'F', 'D', 'C', 'G', 'E', 'S', 'C', 'I', 'M', 'G', 'K', 'C', 'Y', 'T', 'P', 'G', 'C', 'S', 'C', 'G', 'S', 'W', 'K', 'M', 'C', 'Y', 'G', 'T', 'N', '<EOS>']"
CP05778,IFNCGESCFHGKCYTKGCACGDWKLCYGKN,IFNCGESCFHGKCYTKGCACGDWKLCYGKN,30,I F N C G E S C F H G K C Y T K G C A C G D W K L C Y G K N <EOS>,"['I', 'F', 'N', 'C', 'G', 'E', 'S', 'C', 'F', 'H', 'G', 'K', 'C', 'Y', 'T', 'K', 'G', 'C', 'A', 'C', 'G', 'D', 'W', 'K', 'L', 'C', 'Y', 'G', 'K', 'N', '<EOS>']"
CP03588,IGKEFKRIVQRIKDFLRNLVPRTES,IGKEFKRIVQRIKDFLRNLVPRTES,25,I G K E F K R I V Q R I K D F L R N L V P R T E S <EOS> <PAD> <PAD> <PAD> <PAD> <PAD>,"['I', 'G', 'K', 'E', 'F', 'K', 'R', 'I', 'V', 'Q', 'R', 'I', 'K', 'D', 'F', 'L', 'R', 'N', 'L', 'V', 'P', 'R', 'T', 'E', 'S', '<EOS>', '<PAD>', '<PAD>', '<PAD>', '<PAD>', '<PAD>']"
CP07710,IHLKLGCCIMFTCCM,IHLKLGCCIMFTCCM,15,I H L K L G C C I M F T C C M <EOS> <PAD> <PAD> <PAD> <PAD> <PAD> <PAD> <PAD> <PAD> <PAD> <PAD> <PAD> <PAD> <PAD> <PAD> <PAD>,"['I', 'H', 'L', 'K', 'L', 'G', 'C', 'C', 'I', 'M', 'F', 'T', 'C', 'C', 'M', '<EOS>', '<PAD>', '<PAD>', '<PAD>', '<PAD>', '<PAD>', '<PAD>', '<PAD>', '<PAD>', '<PAD>', '<PAD>', '<PAD>', '<PAD>', '<PAD>', '<PAD>', '<PAD>']"
CP01394;CP02473,IIFPPALGPINAI,IIFPPALGPINAI,13,I I F P P A L G P I N A I <EOS> <PAD> <PAD> <PAD> <PAD> <PAD> <PAD> <PAD> <PAD> <PAD> <PAD> <PAD> <PAD> <PAD> <PAD> <PAD> <PAD> <PAD>,"['I', 'I', 'F', 'P', 'P', 'A', 'L', 'G', 'P', 'I', 'N', 'A', 'I', '<EOS>', '<PAD>', '<PAD>', '<PAD>', '<PAD>', '<PAD>', '<PAD>', '<PAD>', '<PAD>', '<PAD>', '<PAD>', '<PAD>', '<PAD>', '<PAD>', '<PAD>', '<PAD>', '<PAD>', '<PAD>']"
CP06751,IINWCCLIFYQCCL,IINWCCLIFYQCCL,14,I I N W C C L I F Y Q C C L <EOS> <PAD> <PAD> <PAD> <PAD> <PAD> <PAD> <PAD> <PAD> <PAD> <PAD> <PAD> <PAD> <PAD> <PAD> <PAD> <PAD>,"['I', 'I', 'N', 'W', 'C', 'C', 'L', 'I', 'F', 'Y', 'Q', 'C', 'C', 'L', '<EOS>', '<PAD>', '<PAD>', '<PAD>', '<PAD>', '<PAD>', '<PAD>', '<PAD>', '<PAD>', '<PAD>', '<PAD>', '<PAD>', '<PAD>', '<PAD>', '<PAD>', '<PAD>', '<PAD>']"
CP06750,IINWCCLTFYQCC,IINWCCLTFYQCC,13,I I N W C C L T F Y Q C C <EOS> <PAD> <PAD> <PAD> <PAD> <PAD> <PAD> <PAD> <PAD> <PAD> <PAD> <PAD> <PAD> <PAD> <PAD> <PAD> <PAD> <PAD>,"['I', 'I', 'N', 'W', 'C', 'C', 'L', 'T', 'F', 'Y', 'Q', 'C', 'C', '<EOS>', '<PAD>', '<PAD>', '<PAD>', '<PAD>', '<PAD>', '<PAD>', '<PAD>', '<PAD>', '<PAD>', '<PAD>', '<PAD>', '<PAD>', '<PAD>', '<PAD>', '<PAD>', '<PAD>', '<PAD>']"
CP06749,IINWCCLVFYQCC,IINWCCLVFYQCC,13,I I N W C C L V F Y Q C C <EOS> <PAD> <PAD> <PAD> <PAD> <PAD> <PAD> <PAD> <PAD> <PAD> <PAD> <PAD> <PAD> <PAD> <PAD> <PAD> <PAD> <PAD>,"['I', 'I', 'N', 'W', 'C', 'C', 'L', 'V', 'F', 'Y', 'Q', 'C', 'C', '<EOS>', '<PAD>', '<PAD>', '<PAD>', '<PAD>', '<PAD>', '<PAD>', '<PAD>', '<PAD>', '<PAD>', '<PAD>', '<PAD>', '<PAD>', '<PAD>', '<PAD>', '<PAD>', '<PAD>', '<PAD>']"
CP03417,IIPFVAGVEMMEHVYCSKKC,IIPFVAGVEMMEHVYCSKKC,20,I I P F V A G V E M M E H V Y C S K K C <EOS> <PAD> <PAD> <PAD> <PAD> <PAD> <PAD> <PAD> <PAD> <PAD> <PAD>,"['I', 'I', 'P', 'F', 'V', 'A', 'G', 'V', 'E', 'M', 'M', 'E', 'H', 'V', 'Y', 'C', 'S', 'K', 'K', 'C', '<EOS>', '<PAD>', '<PAD>', '<PAD>', '<PAD>', '<PAD>', '<PAD>', '<PAD>', '<PAD>', '<PAD>', '<PAD>']"
CP01045,IKCNCKRAVIKPAICRKICGKN,IKCNCKRAVIKPAICRKICGKN,22,I K C N C K R A V I K P A I C R K I C G K N <EOS> <PAD> <PAD> <PAD> <PAD> <PAD> <PAD> <PAD> <PAD>,"['I', 'K', 'C', 'N', 'C', 'K', 'R', 'A', 'V', 'I', 'K', 'P', 'A', 'I', 'C', 'R', 'K', 'I', 'C', 'G', 'K', 'N', '<EOS>', '<PAD>', '<PAD>', '<PAD>', '<PAD>', '<PAD>', '<PAD>', '<PAD>', '<PAD>']"
CP03416,ILPFVAGVEMMKHVYCSKKC,ILPFVAGVEMMKHVYCSKKC,20,I L P F V A G V E M M K H V Y C S K K C <EOS> <PAD> <PAD> <PAD> <PAD> <PAD> <PAD> <PAD> <PAD> <PAD> <PAD>,"['I', 'L', 'P', 'F', 'V', 'A', 'G', 'V', 'E', 'M', 'M', 'K', 'H', 'V', 'Y', 'C', 'S', 'K', 'K', 'C', '<EOS>', '<PAD>', '<PAD>', '<PAD>', '<PAD>', '<PAD>', '<PAD>', '<PAD>', '<PAD>', '<PAD>', '<PAD>']"
CP03420,ILPFVAGVMEMEHVYCSKKC,ILPFVAGVMEMEHVYCSKKC,20,I L P F V A G V M E M E H V Y C S K K C <EOS> <PAD> <PAD> <PAD> <PAD> <PAD> <PAD> <PAD> <PAD> <PAD> <PAD>,"['I', 'L', 'P', 'F', 'V', 'A', 'G', 'V', 'M', 'E', 'M', 'E', 'H', 'V', 'Y', 'C', 'S', 'K', 'K', 'C', '<EOS>', '<PAD>', '<PAD>', '<PAD>', '<PAD>', '<PAD>', '<PAD>', '<PAD>', '<PAD>', '<PAD>', '<PAD>']"
CP03405,ILPLLLGKVVCAITKKC,ILPLLLGKVVCAITKKC,17,I L P L L L G K V V C A I T K K C <EOS> <PAD> <PAD> <PAD> <PAD> <PAD> <PAD> <PAD> <PAD> <PAD> <PAD> <PAD> <PAD> <PAD>,"['I', 'L', 'P', 'L', 'L', 'L', 'G', 'K', 'V', 'V', 'C', 'A', 'I', 'T', 'K', 'K', 'C', '<EOS>', '<PAD>', '<PAD>', '<PAD>', '<PAD>', '<PAD>', '<PAD>', '<PAD>', '<PAD>', '<PAD>', '<PAD>', '<PAD>', '<PAD>', '<PAD>']"
CP07694,ILQRQCCPTISECCRV,ILQRQCCPTISECCRV,16,I L Q R Q C C P T I S E C C R V <EOS> <PAD> <PAD> <PAD> <PAD> <PAD> <PAD> <PAD> <PAD> <PAD> <PAD> <PAD> <PAD> <PAD> <PAD>,"['I', 'L', 'Q', 'R', 'Q', 'C', 'C', 'P', 'T', 'I', 'S', 'E', 'C', 'C', 'R', 'V', '<EOS>', '<PAD>', '<PAD>', '<PAD>', '<PAD>', '<PAD>', '<PAD>', '<PAD>', '<PAD>', '<PAD>', '<PAD>', '<PAD>', '<PAD>', '<PAD>', '<PAD>']"
CP07343,ILQRYLDHPWCCAVKYSCCVPGIIPI,ILQRYLDHPWCCAVKYSCCVPGIIPI,26,I L Q R Y L D H P W C C A V K Y S C C V P G I I P I <EOS> <PAD> <PAD> <PAD> <PAD>,"['I', 'L', 'Q', 'R', 'Y', 'L', 'D', 'H', 'P', 'W', 'C', 'C', 'A', 'V', 'K', 'Y', 'S', 'C', 'C', 'V', 'P', 'G', 'I', 'I', 'P', 'I', '<EOS>', '<PAD>', '<PAD>', '<PAD>', '<PAD>']"
CP09103;CP09189,IPCCSYPACAQSNIDLCG,IPCCSYPACAQSNIDLCG,18,I P C C S Y P A C A Q S N I D L C G <EOS> <PAD> <PAD> <PAD> <PAD> <PAD> <PAD> <PAD> <PAD> <PAD> <PAD> <PAD> <PAD>,"['I', 'P', 'C', 'C', 'S', 'Y', 'P', 'A', 'C', 'A', 'Q', 'S', 'N', 'I', 'D', 'L', 'C', 'G', '<EOS>', '<PAD>', '<PAD>', '<PAD>', '<PAD>', '<PAD>', '<PAD>', '<PAD>', '<PAD>', '<PAD>', '<PAD>', '<PAD>', '<PAD>']"
CP01984,IPEIVPPLGPLF,IPEIVPPLGPLF,12,I P E I V P P L G P L F <EOS> <PAD> <PAD> <PAD> <PAD> <PAD> <PAD> <PAD> <PAD> <PAD> <PAD> <PAD> <PAD> <PAD> <PAD> <PAD> <PAD> <PAD> <PAD>,"['I', 'P', 'E', 'I', 'V', 'P', 'P', 'L', 'G', 'P', 'L', 'F', '<EOS>', '<PAD>', '<PAD>', '<PAD>', '<PAD>', '<PAD>', '<PAD>', '<PAD>', '<PAD>', '<PAD>', '<PAD>', '<PAD>', '<PAD>', '<PAD>', '<PAD>', '<PAD>', '<PAD>', '<PAD>', '<PAD>']"
CP08169,IPIVCSLLCKAGISIPIFCNCT,IPIVCSLLCKAGISIPIFCNCT,22,I P I V C S L L C K A G I S I P I F C N C T <EOS> <PAD> <PAD> <PAD> <PAD> <PAD> <PAD> <PAD> <PAD>,"['I', 'P', 'I', 'V', 'C', 'S', 'L', 'L', 'C', 'K', 'A', 'G', 'I', 'S', 'I', 'P', 'I', 'F', 'C', 'N', 'C', 'T', '<EOS>', '<PAD>', '<PAD>', '<PAD>', '<PAD>', '<PAD>', '<PAD>', '<PAD>', '<PAD>']"
CP08170,IPVCSVLCNAGVDVPFCDCT,IPVCSVLCNAGVDVPFCDCT,20,I P V C S V L C N A G V D V P F C D C T <EOS> <PAD> <PAD> <PAD> <PAD> <PAD> <PAD> <PAD> <PAD> <PAD> <PAD>,"['I', 'P', 'V', 'C', 'S', 'V', 'L', 'C', 'N', 'A', 'G', 'V', 'D', 'V', 'P', 'F', 'C', 'D', 'C', 'T', '<EOS>', '<PAD>', '<PAD>', '<PAD>', '<PAD>', '<PAD>', '<PAD>', '<PAD>', '<PAD>', '<PAD>', '<PAD>']"
CP01386,IPVILPPLGPIFG,IPVILPPLGPIFG,13,I P V I L P P L G P I F G <EOS> <PAD> <PAD> <PAD> <PAD> <PAD> <PAD> <PAD> <PAD> <PAD> <PAD> <PAD> <PAD> <PAD> <PAD> <PAD> <PAD> <PAD>,"['I', 'P', 'V', 'I', 'L', 'P', 'P', 'L', 'G', 'P', 'I', 'F', 'G', '<EOS>', '<PAD>', '<PAD>', '<PAD>', '<PAD>', '<PAD>', '<PAD>', '<PAD>', '<PAD>', '<PAD>', '<PAD>', '<PAD>', '<PAD>', '<PAD>', '<PAD>', '<PAD>', '<PAD>', '<PAD>']"
CP03540,IRNSLTCRFNFGICLPKRCPGRMRQIGTCF,IRNSLTCRFNFGICLPKRCPGRMRQIGTCF,30,I R N S L T C R F N F G I C L P K R C P G R M R Q I G T C F <EOS>,"['I', 'R', 'N', 'S', 'L', 'T', 'C', 'R', 'F', 'N', 'F', 'G', 'I', 'C', 'L', 'P', 'K', 'R', 'C', 'P', 'G', 'R', 'M', 'R', 'Q', 'I', 'G', 'T', 'C', 'F', '<EOS>']"
CP06260,ISEMTWEECCTNPVCRQHYMHYC,ISEMTWEECCTNPVCRQHYMHYC,23,I S E M T W E E C C T N P V C R Q H Y M H Y C <EOS> <PAD> <PAD> <PAD> <PAD> <PAD> <PAD> <PAD>,"['I', 'S', 'E', 'M', 'T', 'W', 'E', 'E', 'C', 'C', 'T', 'N', 'P', 'V', 'C', 'R', 'Q', 'H', 'Y', 'M', 'H', 'Y', 'C', '<EOS>', '<PAD>', '<PAD>', '<PAD>', '<PAD>', '<PAD>', '<PAD>', '<PAD>']"
CP01931,ITATQISTPYT,ITATQISTPYT,11,I T A T Q I S T P Y T <EOS> <PAD> <PAD> <PAD> <PAD> <PAD> <PAD> <PAD> <PAD> <PAD> <PAD> <PAD> <PAD> <PAD> <PAD> <PAD> <PAD> <PAD> <PAD> <PAD>,"['I', 'T', 'A', 'T', 'Q', 'I', 'S', 'T', 'P', 'Y', 'T', '<EOS>', '<PAD>', '<PAD>', '<PAD>', '<PAD>', '<PAD>', '<PAD>', '<PAD>', '<PAD>', '<PAD>', '<PAD>', '<PAD>', '<PAD>', '<PAD>', '<PAD>', '<PAD>', '<PAD>', '<PAD>', '<PAD>', '<PAD>']"
CP06795,ITCCTRGTCAQHC,ITCCTRGTCAQHC,13,I T C C T R G T C A Q H C <EOS> <PAD> <PAD> <PAD> <PAD> <PAD> <PAD> <PAD> <PAD> <PAD> <PAD> <PAD> <PAD> <PAD> <PAD> <PAD> <PAD> <PAD>,"['I', 'T', 'C', 'C', 'T', 'R', 'G', 'T', 'C', 'A', 'Q', 'H', 'C', '<EOS>', '<PAD>', '<PAD>', '<PAD>', '<PAD>', '<PAD>', '<PAD>', '<PAD>', '<PAD>', '<PAD>', '<PAD>', '<PAD>', '<PAD>', '<PAD>', '<PAD>', '<PAD>', '<PAD>', '<PAD>']"
CP00541;CP00562;CP04804,IVLAALLVTAG,IVLAALLVTAG,11,I V L A A L L V T A G <EOS> <PAD> <PAD> <PAD> <PAD> <PAD> <PAD> <PAD> <PAD> <PAD> <PAD> <PAD> <PAD> <PAD> <PAD> <PAD> <PAD> <PAD> <PAD> <PAD>,"['I', 'V', 'L', 'A', 'A', 'L', 'L', 'V', 'T', 'A', 'G', '<EOS>', '<PAD>', '<PAD>', '<PAD>', '<PAD>', '<PAD>', '<PAD>', '<PAD>', '<PAD>', '<PAD>', '<PAD>', '<PAD>', '<PAD>', '<PAD>', '<PAD>', '<PAD>', '<PAD>', '<PAD>', '<PAD>', '<PAD>']"
CP07924,KACCSIHDNSCCGL,KACCSIHDNSCCGL,14,K A C C S I H D N S C C G L <EOS> <PAD> <PAD> <PAD> <PAD> <PAD> <PAD> <PAD> <PAD> <PAD> <PAD> <PAD> <PAD> <PAD> <PAD> <PAD> <PAD>,"['K', 'A', 'C', 'C', 'S', 'I', 'H', 'D', 'N', 'S', 'C', 'C', 'G', 'L', '<EOS>', '<PAD>', '<PAD>', '<PAD>', '<PAD>', '<PAD>', '<PAD>', '<PAD>', '<PAD>', '<PAD>', '<PAD>', '<PAD>', '<PAD>', '<PAD>', '<PAD>', '<PAD>', '<PAD>']"
CP03700,KACFRVCYRGICYRRCR,KACFRVCYRGICYRRCR,17,K A C F R V C Y R G I C Y R R C R <EOS> <PAD> <PAD> <PAD> <PAD> <PAD> <PAD> <PAD> <PAD> <PAD> <PAD> <PAD> <PAD> <PAD>,"['K', 'A', 'C', 'F', 'R', 'V', 'C', 'Y', 'R', 'G', 'I', 'C', 'Y', 'R', 'R', 'C', 'R', '<EOS>', '<PAD>', '<PAD>', '<PAD>', '<PAD>', '<PAD>', '<PAD>', '<PAD>', '<PAD>', '<PAD>', '<PAD>', '<PAD>', '<PAD>', '<PAD>']"
CP07287,KAFITLALGQEGCCPSGPCHFAACNPPCCT,KAFITLALGQEGCCPSGPCHFAACNPPCCT,30,K A F I T L A L G Q E G C C P S G P C H F A A C N P P C C T <EOS>,"['K', 'A', 'F', 'I', 'T', 'L', 'A', 'L', 'G', 'Q', 'E', 'G', 'C', 'C', 'P', 'S', 'G', 'P', 'C', 'H', 'F', 'A', 'A', 'C', 'N', 'P', 'P', 'C', 'C', 'T', '<EOS>']"
CP07700,KAICCDVFPGTDCCM,KAICCDVFPGTDCCM,15,K A I C C D V F P G T D C C M <EOS> <PAD> <PAD> <PAD> <PAD> <PAD> <PAD> <PAD> <PAD> <PAD> <PAD> <PAD> <PAD> <PAD> <PAD> <PAD>,"['K', 'A', 'I', 'C', 'C', 'D', 'V', 'F', 'P', 'G', 'T', 'D', 'C', 'C', 'M', '<EOS>', '<PAD>', '<PAD>', '<PAD>', '<PAD>', '<PAD>', '<PAD>', '<PAD>', '<PAD>', '<PAD>', '<PAD>', '<PAD>', '<PAD>', '<PAD>', '<PAD>', '<PAD>']"
CP07699,KAVCCEVLPGTDCCF,KAVCCEVLPGTDCCF,15,K A V C C E V L P G T D C C F <EOS> <PAD> <PAD> <PAD> <PAD> <PAD> <PAD> <PAD> <PAD> <PAD> <PAD> <PAD> <PAD> <PAD> <PAD> <PAD>,"['K', 'A', 'V', 'C', 'C', 'E', 'V', 'L', 'P', 'G', 'T', 'D', 'C', 'C', 'F', '<EOS>', '<PAD>', '<PAD>', '<PAD>', '<PAD>', '<PAD>', '<PAD>', '<PAD>', '<PAD>', '<PAD>', '<PAD>', '<PAD>', '<PAD>', '<PAD>', '<PAD>', '<PAD>']"
CP07698,KAVCCQVFPGSDCCPGF,KAVCCQVFPGSDCCPGF,17,K A V C C Q V F P G S D C C P G F <EOS> <PAD> <PAD> <PAD> <PAD> <PAD> <PAD> <PAD> <PAD> <PAD> <PAD> <PAD> <PAD> <PAD>,"['K', 'A', 'V', 'C', 'C', 'Q', 'V', 'F', 'P', 'G', 'S', 'D', 'C', 'C', 'P', 'G', 'F', '<EOS>', '<PAD>', '<PAD>', '<PAD>', '<PAD>', '<PAD>', '<PAD>', '<PAD>', '<PAD>', '<PAD>', '<PAD>', '<PAD>', '<PAD>', '<PAD>']"
CP06356,KCAAAGEACVIPIIGNVFCCKGYCLFVCIS,KCAAAGEACVIPIIGNVFCCKGYCLFVCIS,30,K C A A A G E A C V I P I I G N V F C C K G Y C L F V C I S <EOS>,"['K', 'C', 'A', 'A', 'A', 'G', 'E', 'A', 'C', 'V', 'I', 'P', 'I', 'I', 'G', 'N', 'V', 'F', 'C', 'C', 'K', 'G', 'Y', 'C', 'L', 'F', 'V', 'C', 'I', 'S', '<EOS>']"
CP07497,KCALERGEVCVVPILGTLACCRAFCSGVCL,KCALERGEVCVVPILGTLACCRAFCSGVCL,30,K C A L E R G E V C V V P I L G T L A C C R A F C S G V C L <EOS>,"['K', 'C', 'A', 'L', 'E', 'R', 'G', 'E', 'V', 'C', 'V', 'V', 'P', 'I', 'L', 'G', 'T', 'L', 'A', 'C', 'C', 'R', 'A', 'F', 'C', 'S', 'G', 'V', 'C', 'L', '<EOS>']"
CP08207,KCCPESPPCCHYYYYF,KCCPESPPCCHYYYYF,16,K C C P E S P P C C H Y Y Y Y F <EOS> <PAD> <PAD> <PAD> <PAD> <PAD> <PAD> <PAD> <PAD> <PAD> <PAD> <PAD> <PAD> <PAD> <PAD>,"['K', 'C', 'C', 'P', 'E', 'S', 'P', 'P', 'C', 'C', 'H', 'Y', 'Y', 'Y', 'Y', 'F', '<EOS>', '<PAD>', '<PAD>', '<PAD>', '<PAD>', '<PAD>', '<PAD>', '<PAD>', '<PAD>', '<PAD>', '<PAD>', '<PAD>', '<PAD>', '<PAD>', '<PAD>']"
CP08146,KCCSIPKCYKNNKKMC,KCCSIPKCYKNNKKMC,16,K C C S I P K C Y K N N K K M C <EOS> <PAD> <PAD> <PAD> <PAD> <PAD> <PAD> <PAD> <PAD> <PAD> <PAD> <PAD> <PAD> <PAD> <PAD>,"['K', 'C', 'C', 'S', 'I', 'P', 'K', 'C', 'Y', 'K', 'N', 'N', 'K', 'K', 'M', 'C', '<EOS>', '<PAD>', '<PAD>', '<PAD>', '<PAD>', '<PAD>', '<PAD>', '<PAD>', '<PAD>', '<PAD>', '<PAD>', '<PAD>', '<PAD>', '<PAD>', '<PAD>']"
CP06994,KCCSNPACNRYNKLC,KCCSNPACNRYNKLC,15,K C C S N P A C N R Y N K L C <EOS> <PAD> <PAD> <PAD> <PAD> <PAD> <PAD> <PAD> <PAD> <PAD> <PAD> <PAD> <PAD> <PAD> <PAD> <PAD>,"['K', 'C', 'C', 'S', 'N', 'P', 'A', 'C', 'N', 'R', 'Y', 'N', 'K', 'L', 'C', '<EOS>', '<PAD>', '<PAD>', '<PAD>', '<PAD>', '<PAD>', '<PAD>', '<PAD>', '<PAD>', '<PAD>', '<PAD>', '<PAD>', '<PAD>', '<PAD>', '<PAD>', '<PAD>']"
CP07227,KCCSNPACNRYNPAICD,KCCSNPACNRYNPAICD,17,K C C S N P A C N R Y N P A I C D <EOS> <PAD> <PAD> <PAD> <PAD> <PAD> <PAD> <PAD> <PAD> <PAD> <PAD> <PAD> <PAD> <PAD>,"['K', 'C', 'C', 'S', 'N', 'P', 'A', 'C', 'N', 'R', 'Y', 'N', 'P', 'A', 'I', 'C', 'D', '<EOS>', '<PAD>', '<PAD>', '<PAD>', '<PAD>', '<PAD>', '<PAD>', '<PAD>', '<PAD>', '<PAD>', '<PAD>', '<PAD>', '<PAD>', '<PAD>']"
CP07280,KCCTMSVCQPPPVCTCCA,KCCTMSVCQPPPVCTCCA,18,K C C T M S V C Q P P P V C T C C A <EOS> <PAD> <PAD> <PAD> <PAD> <PAD> <PAD> <PAD> <PAD> <PAD> <PAD> <PAD> <PAD>,"['K', 'C', 'C', 'T', 'M', 'S', 'V', 'C', 'Q', 'P', 'P', 'P', 'V', 'C', 'T', 'C', 'C', 'A', '<EOS>', '<PAD>', '<PAD>', '<PAD>', '<PAD>', '<PAD>', '<PAD>', '<PAD>', '<PAD>', '<PAD>', '<PAD>', '<PAD>', '<PAD>']"
CP03156,KCKWWNISCDLGNNGHVCTLSHECQVSCN,KCKWWNISCDLGNNGHVCTLSHECQVSCN,29,K C K W W N I S C D L G N N G H V C T L S H E C Q V S C N <EOS> <PAD>,"['K', 'C', 'K', 'W', 'W', 'N', 'I', 'S', 'C', 'D', 'L', 'G', 'N', 'N', 'G', 'H', 'V', 'C', 'T', 'L', 'S', 'H', 'E', 'C', 'Q', 'V', 'S', 'C', 'N', '<EOS>', '<PAD>']"
CP07813,KCMEQGTYCSLILFSSSCCGDLCLFGFCIL,KCMEQGTYCSLILFSSSCCGDLCLFGFCIL,30,K C M E Q G T Y C S L I L F S S S C C G D L C L F G F C I L <EOS>,"['K', 'C', 'M', 'E', 'Q', 'G', 'T', 'Y', 'C', 'S', 'L', 'I', 'L', 'F', 'S', 'S', 'S', 'C', 'C', 'G', 'D', 'L', 'C', 'L', 'F', 'G', 'F', 'C', 'I', 'L', '<EOS>']"
CP03697,KCRRYCYRQRCVTYCRGR,KCRRYCYRQRCVTYCRGR,18,K C R R Y C Y R Q R C V T Y C R G R <EOS> <PAD> <PAD> <PAD> <PAD> <PAD> <PAD> <PAD> <PAD> <PAD> <PAD> <PAD> <PAD>,"['K', 'C', 'R', 'R', 'Y', 'C', 'Y', 'R', 'Q', 'R', 'C', 'V', 'T', 'Y', 'C', 'R', 'G', 'R', '<EOS>', '<PAD>', '<PAD>', '<PAD>', '<PAD>', '<PAD>', '<PAD>', '<PAD>', '<PAD>', '<PAD>', '<PAD>', '<PAD>', '<PAD>']"
CP08220,KDAADLSALNDNNNCCNHPACAGKNSDLC,KDAADLSALNDNNNCCNHPACAGKNSDLC,29,K D A A D L S A L N D N N N C C N H P A C A G K N S D L C <EOS> <PAD>,"['K', 'D', 'A', 'A', 'D', 'L', 'S', 'A', 'L', 'N', 'D', 'N', 'N', 'N', 'C', 'C', 'N', 'H', 'P', 'A', 'C', 'A', 'G', 'K', 'N', 'S', 'D', 'L', 'C', '<EOS>', '<PAD>']"
CP06686,KECCTHPACHVSHPELCG,KECCTHPACHVSHPELCG,18,K E C C T H P A C H V S H P E L C G <EOS> <PAD> <PAD> <PAD> <PAD> <PAD> <PAD> <PAD> <PAD> <PAD> <PAD> <PAD> <PAD>,"['K', 'E', 'C', 'C', 'T', 'H', 'P', 'A', 'C', 'H', 'V', 'S', 'H', 'P', 'E', 'L', 'C', 'G', '<EOS>', '<PAD>', '<PAD>', '<PAD>', '<PAD>', '<PAD>', '<PAD>', '<PAD>', '<PAD>', '<PAD>', '<PAD>', '<PAD>', '<PAD>']"
CP07826,KFILHALGQWQCCTMQWCDKACYCCE,KFILHALGQWQCCTMQWCDKACYCCE,26,K F I L H A L G Q W Q C C T M Q W C D K A C Y C C E <EOS> <PAD> <PAD> <PAD> <PAD>,"['K', 'F', 'I', 'L', 'H', 'A', 'L', 'G', 'Q', 'W', 'Q', 'C', 'C', 'T', 'M', 'Q', 'W', 'C', 'D', 'K', 'A', 'C', 'Y', 'C', 'C', 'E', '<EOS>', '<PAD>', '<PAD>', '<PAD>', '<PAD>']"
CP06267,KGCCSNPACAGNNPHVCRQ,KGCCSNPACAGNNPHVCRQ,19,K G C C S N P A C A G N N P H V C R Q <EOS> <PAD> <PAD> <PAD> <PAD> <PAD> <PAD> <PAD> <PAD> <PAD> <PAD> <PAD>,"['K', 'G', 'C', 'C', 'S', 'N', 'P', 'A', 'C', 'A', 'G', 'N', 'N', 'P', 'H', 'V', 'C', 'R', 'Q', '<EOS>', '<PAD>', '<PAD>', '<PAD>', '<PAD>', '<PAD>', '<PAD>', '<PAD>', '<PAD>', '<PAD>', '<PAD>', '<PAD>']"
CP02875,KIPCGESCVWIPCLTSVFNCKCENKVCYHD,KIPCGESCVWIPCLTSVFNCKCENKVCYHD,30,K I P C G E S C V W I P C L T S V F N C K C E N K V C Y H D <EOS>,"['K', 'I', 'P', 'C', 'G', 'E', 'S', 'C', 'V', 'W', 'I', 'P', 'C', 'L', 'T', 'S', 'V', 'F', 'N', 'C', 'K', 'C', 'E', 'N', 'K', 'V', 'C', 'Y', 'H', 'D', '<EOS>']"
CP04061;CP04862,KIPCGESCVYIPCISSVLGCSCSNKVCYKD,KIPCGESCVYIPCISSVLGCSCSNKVCYKD,30,K I P C G E S C V Y I P C I S S V L G C S C S N K V C Y K D <EOS>,"['K', 'I', 'P', 'C', 'G', 'E', 'S', 'C', 'V', 'Y', 'I', 'P', 'C', 'I', 'S', 'S', 'V', 'L', 'G', 'C', 'S', 'C', 'S', 'N', 'K', 'V', 'C', 'Y', 'K', 'D', '<EOS>']"
CP03734,KKKKKKAGFWGAFGA,KKKKKKAGFWGAFGA,15,K K K K K K A G F W G A F G A <EOS> <PAD> <PAD> <PAD> <PAD> <PAD> <PAD> <PAD> <PAD> <PAD> <PAD> <PAD> <PAD> <PAD> <PAD> <PAD>,"['K', 'K', 'K', 'K', 'K', 'K', 'A', 'G', 'F', 'W', 'G', 'A', 'F', 'G', 'A', '<EOS>', '<PAD>', '<PAD>', '<PAD>', '<PAD>', '<PAD>', '<PAD>', '<PAD>', '<PAD>', '<PAD>', '<PAD>', '<PAD>', '<PAD>', '<PAD>', '<PAD>', '<PAD>']"
CP03637,KKLFKKILKYL,KKLFKKILKYL,11,K K L F K K I L K Y L <EOS> <PAD> <PAD> <PAD> <PAD> <PAD> <PAD> <PAD> <PAD> <PAD> <PAD> <PAD> <PAD> <PAD> <PAD> <PAD> <PAD> <PAD> <PAD> <PAD>,"['K', 'K', 'L', 'F', 'K', 'K', 'I', 'L', 'K', 'Y', 'L', '<EOS>', '<PAD>', '<PAD>', '<PAD>', '<PAD>', '<PAD>', '<PAD>', '<PAD>', '<PAD>', '<PAD>', '<PAD>', '<PAD>', '<PAD>', '<PAD>', '<PAD>', '<PAD>', '<PAD>', '<PAD>', '<PAD>', '<PAD>']"
CP03736;CP03739,KLCKIVVIKVCK,KLCKIVVIKVCK,12,K L C K I V V I K V C K <EOS> <PAD> <PAD> <PAD> <PAD> <PAD> <PAD> <PAD> <PAD> <PAD> <PAD> <PAD> <PAD> <PAD> <PAD> <PAD> <PAD> <PAD> <PAD>,"['K', 'L', 'C', 'K', 'I', 'V', 'V', 'I', 'K', 'V', 'C', 'K', '<EOS>', '<PAD>', '<PAD>', '<PAD>', '<PAD>', '<PAD>', '<PAD>', '<PAD>', '<PAD>', '<PAD>', '<PAD>', '<PAD>', '<PAD>', '<PAD>', '<PAD>', '<PAD>', '<PAD>', '<PAD>', '<PAD>']"
CP07925,KPCCSAHDNSCCGL,KPCCSAHDNSCCGL,14,K P C C S A H D N S C C G L <EOS> <PAD> <PAD> <PAD> <PAD> <PAD> <PAD> <PAD> <PAD> <PAD> <PAD> <PAD> <PAD> <PAD> <PAD> <PAD> <PAD>,"['K', 'P', 'C', 'C', 'S', 'A', 'H', 'D', 'N', 'S', 'C', 'C', 'G', 'L', '<EOS>', '<PAD>', '<PAD>', '<PAD>', '<PAD>', '<PAD>', '<PAD>', '<PAD>', '<PAD>', '<PAD>', '<PAD>', '<PAD>', '<PAD>', '<PAD>', '<PAD>', '<PAD>', '<PAD>']"
CP07926,KPCCSIADNSCCGL,KPCCSIADNSCCGL,14,K P C C S I A D N S C C G L <EOS> <PAD> <PAD> <PAD> <PAD> <PAD> <PAD> <PAD> <PAD> <PAD> <PAD> <PAD> <PAD> <PAD> <PAD> <PAD> <PAD>,"['K', 'P', 'C', 'C', 'S', 'I', 'A', 'D', 'N', 'S', 'C', 'C', 'G', 'L', '<EOS>', '<PAD>', '<PAD>', '<PAD>', '<PAD>', '<PAD>', '<PAD>', '<PAD>', '<PAD>', '<PAD>', '<PAD>', '<PAD>', '<PAD>', '<PAD>', '<PAD>', '<PAD>', '<PAD>']"
CP07927,KPCCSIHDNSCCGA,KPCCSIHDNSCCGA,14,K P C C S I H D N S C C G A <EOS> <PAD> <PAD> <PAD> <PAD> <PAD> <PAD> <PAD> <PAD> <PAD> <PAD> <PAD> <PAD> <PAD> <PAD> <PAD> <PAD>,"['K', 'P', 'C', 'C', 'S', 'I', 'H', 'D', 'N', 'S', 'C', 'C', 'G', 'A', '<EOS>', '<PAD>', '<PAD>', '<PAD>', '<PAD>', '<PAD>', '<PAD>', '<PAD>', '<PAD>', '<PAD>', '<PAD>', '<PAD>', '<PAD>', '<PAD>', '<PAD>', '<PAD>', '<PAD>']"
CP06818,KPCCSIHDSSCCGI,KPCCSIHDSSCCGI,14,K P C C S I H D S S C C G I <EOS> <PAD> <PAD> <PAD> <PAD> <PAD> <PAD> <PAD> <PAD> <PAD> <PAD> <PAD> <PAD> <PAD> <PAD> <PAD> <PAD>,"['K', 'P', 'C', 'C', 'S', 'I', 'H', 'D', 'S', 'S', 'C', 'C', 'G', 'I', '<EOS>', '<PAD>', '<PAD>', '<PAD>', '<PAD>', '<PAD>', '<PAD>', '<PAD>', '<PAD>', '<PAD>', '<PAD>', '<PAD>', '<PAD>', '<PAD>', '<PAD>', '<PAD>', '<PAD>']"
CP03198,KSLRPRCWIKIKFRCKSLKF,KSLRPRCWIKIKFRCKSLKF,20,K S L R P R C W I K I K F R C K S L K F <EOS> <PAD> <PAD> <PAD> <PAD> <PAD> <PAD> <PAD> <PAD> <PAD> <PAD>,"['K', 'S', 'L', 'R', 'P', 'R', 'C', 'W', 'I', 'K', 'I', 'K', 'F', 'R', 'C', 'K', 'S', 'L', 'K', 'F', '<EOS>', '<PAD>', '<PAD>', '<PAD>', '<PAD>', '<PAD>', '<PAD>', '<PAD>', '<PAD>', '<PAD>', '<PAD>']"
CP08194,KVCLESGAVCVIPIIASFACCSAFCYGVCL,KVCLESGAVCVIPIIASFACCSAFCYGVCL,30,K V C L E S G A V C V I P I I A S F A C C S A F C Y G V C L <EOS>,"['K', 'V', 'C', 'L', 'E', 'S', 'G', 'A', 'V', 'C', 'V', 'I', 'P', 'I', 'I', 'A', 'S', 'F', 'A', 'C', 'C', 'S', 'A', 'F', 'C', 'Y', 'G', 'V', 'C', 'L', '<EOS>']"
CP02876,KVCYRAIPCGESCVWIPCISIGCSCKN,KVCYRAIPCGESCVWIPCISIGCSCKN,27,K V C Y R A I P C G E S C V W I P C I S I G C S C K N <EOS> <PAD> <PAD> <PAD>,"['K', 'V', 'C', 'Y', 'R', 'A', 'I', 'P', 'C', 'G', 'E', 'S', 'C', 'V', 'W', 'I', 'P', 'C', 'I', 'S', 'I', 'G', 'C', 'S', 'C', 'K', 'N', '<EOS>', '<PAD>', '<PAD>', '<PAD>']"
CP04892,KVCYRNHVIEAKTMD,KVCYRNHVIEAKTMD,15,K V C Y R N H V I E A K T M D <EOS> <PAD> <PAD> <PAD> <PAD> <PAD> <PAD> <PAD> <PAD> <PAD> <PAD> <PAD> <PAD> <PAD> <PAD> <PAD>,"['K', 'V', 'C', 'Y', 'R', 'N', 'H', 'V', 'I', 'E', 'A', 'K', 'T', 'M', 'D', '<EOS>', '<PAD>', '<PAD>', '<PAD>', '<PAD>', '<PAD>', '<PAD>', '<PAD>', '<PAD>', '<PAD>', '<PAD>', '<PAD>', '<PAD>', '<PAD>', '<PAD>', '<PAD>']"
CP09047;CP09232,KVPCCLGVRDDWCCAGQIQI,KVPCCLGVRDDWCCAGQIQI,20,K V P C C L G V R D D W C C A G Q I Q I <EOS> <PAD> <PAD> <PAD> <PAD> <PAD> <PAD> <PAD> <PAD> <PAD> <PAD>,"['K', 'V', 'P', 'C', 'C', 'L', 'G', 'V', 'R', 'D', 'D', 'W', 'C', 'C', 'A', 'G', 'Q', 'I', 'Q', 'I', '<EOS>', '<PAD>', '<PAD>', '<PAD>', '<PAD>', '<PAD>', '<PAD>', '<PAD>', '<PAD>', '<PAD>', '<PAD>']"
CP07609,KVSEELNECCRIPPCLLDHADECES,KVSEELNECCRIPPCLLDHADECES,25,K V S E E L N E C C R I P P C L L D H A D E C E S <EOS> <PAD> <PAD> <PAD> <PAD> <PAD>,"['K', 'V', 'S', 'E', 'E', 'L', 'N', 'E', 'C', 'C', 'R', 'I', 'P', 'P', 'C', 'L', 'L', 'D', 'H', 'A', 'D', 'E', 'C', 'E', 'S', '<EOS>', '<PAD>', '<PAD>', '<PAD>', '<PAD>', '<PAD>']"
CP03716,KWAFRVCYRGICYRRAR,KWAFRVCYRGICYRRAR,17,K W A F R V C Y R G I C Y R R A R <EOS> <PAD> <PAD> <PAD> <PAD> <PAD> <PAD> <PAD> <PAD> <PAD> <PAD> <PAD> <PAD> <PAD>,"['K', 'W', 'A', 'F', 'R', 'V', 'C', 'Y', 'R', 'G', 'I', 'C', 'Y', 'R', 'R', 'A', 'R', '<EOS>', '<PAD>', '<PAD>', '<PAD>', '<PAD>', '<PAD>', '<PAD>', '<PAD>', '<PAD>', '<PAD>', '<PAD>', '<PAD>', '<PAD>', '<PAD>']"
CP03724,KWCARVCARGACYRRCR,KWCARVCARGACYRRCR,17,K W C A R V C A R G A C Y R R C R <EOS> <PAD> <PAD> <PAD> <PAD> <PAD> <PAD> <PAD> <PAD> <PAD> <PAD> <PAD> <PAD> <PAD>,"['K', 'W', 'C', 'A', 'R', 'V', 'C', 'A', 'R', 'G', 'A', 'C', 'Y', 'R', 'R', 'C', 'R', '<EOS>', '<PAD>', '<PAD>', '<PAD>', '<PAD>', '<PAD>', '<PAD>', '<PAD>', '<PAD>', '<PAD>', '<PAD>', '<PAD>', '<PAD>', '<PAD>']"
CP03703,KWCFAVCYRGICYRRCR,KWCFAVCYRGICYRRCR,17,K W C F A V C Y R G I C Y R R C R <EOS> <PAD> <PAD> <PAD> <PAD> <PAD> <PAD> <PAD> <PAD> <PAD> <PAD> <PAD> <PAD> <PAD>,"['K', 'W', 'C', 'F', 'A', 'V', 'C', 'Y', 'R', 'G', 'I', 'C', 'Y', 'R', 'R', 'C', 'R', '<EOS>', '<PAD>', '<PAD>', '<PAD>', '<PAD>', '<PAD>', '<PAD>', '<PAD>', '<PAD>', '<PAD>', '<PAD>', '<PAD>', '<PAD>', '<PAD>']"
CP03672;CP03730,KWCFCVCYRGICRCRCRG,KWCFCVCYRGICRCRCRG,18,K W C F C V C Y R G I C R C R C R G <EOS> <PAD> <PAD> <PAD> <PAD> <PAD> <PAD> <PAD> <PAD> <PAD> <PAD> <PAD> <PAD>,"['K', 'W', 'C', 'F', 'C', 'V', 'C', 'Y', 'R', 'G', 'I', 'C', 'R', 'C', 'R', 'C', 'R', 'G', '<EOS>', '<PAD>', '<PAD>', '<PAD>', '<PAD>', '<PAD>', '<PAD>', '<PAD>', '<PAD>', '<PAD>', '<PAD>', '<PAD>', '<PAD>']"
CP03704,KWCFRACYRGICYRRCR,KWCFRACYRGICYRRCR,17,K W C F R A C Y R G I C Y R R C R <EOS> <PAD> <PAD> <PAD> <PAD> <PAD> <PAD> <PAD> <PAD> <PAD> <PAD> <PAD> <PAD> <PAD>,"['K', 'W', 'C', 'F', 'R', 'A', 'C', 'Y', 'R', 'G', 'I', 'C', 'Y', 'R', 'R', 'C', 'R', '<EOS>', '<PAD>', '<PAD>', '<PAD>', '<PAD>', '<PAD>', '<PAD>', '<PAD>', '<PAD>', '<PAD>', '<PAD>', '<PAD>', '<PAD>', '<PAD>']"
CP03718,KWCFRRCYAGICYRRCR,KWCFRRCYAGICYRRCR,17,K W C F R R C Y A G I C Y R R C R <EOS> <PAD> <PAD> <PAD> <PAD> <PAD> <PAD> <PAD> <PAD> <PAD> <PAD> <PAD> <PAD> <PAD>,"['K', 'W', 'C', 'F', 'R', 'R', 'C', 'Y', 'A', 'G', 'I', 'C', 'Y', 'R', 'R', 'C', 'R', '<EOS>', '<PAD>', '<PAD>', '<PAD>', '<PAD>', '<PAD>', '<PAD>', '<PAD>', '<PAD>', '<PAD>', '<PAD>', '<PAD>', '<PAD>', '<PAD>']"
CP03717,KWCFRVAYRGIAYRRCR,KWCFRVAYRGIAYRRCR,17,K W C F R V A Y R G I A Y R R C R <EOS> <PAD> <PAD> <PAD> <PAD> <PAD> <PAD> <PAD> <PAD> <PAD> <PAD> <PAD> <PAD> <PAD>,"['K', 'W', 'C', 'F', 'R', 'V', 'A', 'Y', 'R', 'G', 'I', 'A', 'Y', 'R', 'R', 'C', 'R', '<EOS>', '<PAD>', '<PAD>', '<PAD>', '<PAD>', '<PAD>', '<PAD>', '<PAD>', '<PAD>', '<PAD>', '<PAD>', '<PAD>', '<PAD>', '<PAD>']"
CP03722,KWCFRVCGRGICYRRCR,KWCFRVCGRGICYRRCR,17,K W C F R V C G R G I C Y R R C R <EOS> <PAD> <PAD> <PAD> <PAD> <PAD> <PAD> <PAD> <PAD> <PAD> <PAD> <PAD> <PAD> <PAD>,"['K', 'W', 'C', 'F', 'R', 'V', 'C', 'G', 'R', 'G', 'I', 'C', 'Y', 'R', 'R', 'C', 'R', '<EOS>', '<PAD>', '<PAD>', '<PAD>', '<PAD>', '<PAD>', '<PAD>', '<PAD>', '<PAD>', '<PAD>', '<PAD>', '<PAD>', '<PAD>', '<PAD>']"
CP03729,KWCFRVCYAGICYRRCA,KWCFRVCYAGICYRRCA,17,K W C F R V C Y A G I C Y R R C A <EOS> <PAD> <PAD> <PAD> <PAD> <PAD> <PAD> <PAD> <PAD> <PAD> <PAD> <PAD> <PAD> <PAD>,"['K', 'W', 'C', 'F', 'R', 'V', 'C', 'Y', 'A', 'G', 'I', 'C', 'Y', 'R', 'R', 'C', 'A', '<EOS>', '<PAD>', '<PAD>', '<PAD>', '<PAD>', '<PAD>', '<PAD>', '<PAD>', '<PAD>', '<PAD>', '<PAD>', '<PAD>', '<PAD>', '<PAD>']"
CP03708,KWCFRVCYRAICYRRCR,KWCFRVCYRAICYRRCR,17,K W C F R V C Y R A I C Y R R C R <EOS> <PAD> <PAD> <PAD> <PAD> <PAD> <PAD> <PAD> <PAD> <PAD> <PAD> <PAD> <PAD> <PAD>,"['K', 'W', 'C', 'F', 'R', 'V', 'C', 'Y', 'R', 'A', 'I', 'C', 'Y', 'R', 'R', 'C', 'R', '<EOS>', '<PAD>', '<PAD>', '<PAD>', '<PAD>', '<PAD>', '<PAD>', '<PAD>', '<PAD>', '<PAD>', '<PAD>', '<PAD>', '<PAD>', '<PAD>']"
CP03723,KWCFRVCYRGGCYRRCR,KWCFRVCYRGGCYRRCR,17,K W C F R V C Y R G G C Y R R C R <EOS> <PAD> <PAD> <PAD> <PAD> <PAD> <PAD> <PAD> <PAD> <PAD> <PAD> <PAD> <PAD> <PAD>,"['K', 'W', 'C', 'F', 'R', 'V', 'C', 'Y', 'R', 'G', 'G', 'C', 'Y', 'R', 'R', 'C', 'R', '<EOS>', '<PAD>', '<PAD>', '<PAD>', '<PAD>', '<PAD>', '<PAD>', '<PAD>', '<PAD>', '<PAD>', '<PAD>', '<PAD>', '<PAD>', '<PAD>']"
CP03711,KWCFRVCYRGICARRCR,KWCFRVCYRGICARRCR,17,K W C F R V C Y R G I C A R R C R <EOS> <PAD> <PAD> <PAD> <PAD> <PAD> <PAD> <PAD> <PAD> <PAD> <PAD> <PAD> <PAD> <PAD>,"['K', 'W', 'C', 'F', 'R', 'V', 'C', 'Y', 'R', 'G', 'I', 'C', 'A', 'R', 'R', 'C', 'R', '<EOS>', '<PAD>', '<PAD>', '<PAD>', '<PAD>', '<PAD>', '<PAD>', '<PAD>', '<PAD>', '<PAD>', '<PAD>', '<PAD>', '<PAD>', '<PAD>']"
CP03712,KWCFRVCYRGICYARCR,KWCFRVCYRGICYARCR,17,K W C F R V C Y R G I C Y A R C R <EOS> <PAD> <PAD> <PAD> <PAD> <PAD> <PAD> <PAD> <PAD> <PAD> <PAD> <PAD> <PAD> <PAD>,"['K', 'W', 'C', 'F', 'R', 'V', 'C', 'Y', 'R', 'G', 'I', 'C', 'Y', 'A', 'R', 'C', 'R', '<EOS>', '<PAD>', '<PAD>', '<PAD>', '<PAD>', '<PAD>', '<PAD>', '<PAD>', '<PAD>', '<PAD>', '<PAD>', '<PAD>', '<PAD>', '<PAD>']"
CP03713,KWCFRVCYRGICYRACR,KWCFRVCYRGICYRACR,17,K W C F R V C Y R G I C Y R A C R <EOS> <PAD> <PAD> <PAD> <PAD> <PAD> <PAD> <PAD> <PAD> <PAD> <PAD> <PAD> <PAD> <PAD>,"['K', 'W', 'C', 'F', 'R', 'V', 'C', 'Y', 'R', 'G', 'I', 'C', 'Y', 'R', 'A', 'C', 'R', '<EOS>', '<PAD>', '<PAD>', '<PAD>', '<PAD>', '<PAD>', '<PAD>', '<PAD>', '<PAD>', '<PAD>', '<PAD>', '<PAD>', '<PAD>', '<PAD>']"
CP03720,KWCGRVCYRGICYRRCR,KWCGRVCYRGICYRRCR,17,K W C G R V C Y R G I C Y R R C R <EOS> <PAD> <PAD> <PAD> <PAD> <PAD> <PAD> <PAD> <PAD> <PAD> <PAD> <PAD> <PAD> <PAD>,"['K', 'W', 'C', 'G', 'R', 'V', 'C', 'Y', 'R', 'G', 'I', 'C', 'Y', 'R', 'R', 'C', 'R', '<EOS>', '<PAD>', '<PAD>', '<PAD>', '<PAD>', '<PAD>', '<PAD>', '<PAD>', '<PAD>', '<PAD>', '<PAD>', '<PAD>', '<PAD>', '<PAD>']"
CP03731,KWCRCVCRRGICRCFCRG,KWCRCVCRRGICRCFCRG,18,K W C R C V C R R G I C R C F C R G <EOS> <PAD> <PAD> <PAD> <PAD> <PAD> <PAD> <PAD> <PAD> <PAD> <PAD> <PAD> <PAD>,"['K', 'W', 'C', 'R', 'C', 'V', 'C', 'R', 'R', 'G', 'I', 'C', 'R', 'C', 'F', 'C', 'R', 'G', '<EOS>', '<PAD>', '<PAD>', '<PAD>', '<PAD>', '<PAD>', '<PAD>', '<PAD>', '<PAD>', '<PAD>', '<PAD>', '<PAD>', '<PAD>']"
CP03675,KWCRCVCRRGICRCRCRK,KWCRCVCRRGICRCRCRK,18,K W C R C V C R R G I C R C R C R K <EOS> <PAD> <PAD> <PAD> <PAD> <PAD> <PAD> <PAD> <PAD> <PAD> <PAD> <PAD> <PAD>,"['K', 'W', 'C', 'R', 'C', 'V', 'C', 'R', 'R', 'G', 'I', 'C', 'R', 'C', 'R', 'C', 'R', 'K', '<EOS>', '<PAD>', '<PAD>', '<PAD>', '<PAD>', '<PAD>', '<PAD>', '<PAD>', '<PAD>', '<PAD>', '<PAD>', '<PAD>', '<PAD>']"
CP03673,KWCRCVCRRGICYCRCRG,KWCRCVCRRGICYCRCRG,18,K W C R C V C R R G I C Y C R C R G <EOS> <PAD> <PAD> <PAD> <PAD> <PAD> <PAD> <PAD> <PAD> <PAD> <PAD> <PAD> <PAD>,"['K', 'W', 'C', 'R', 'C', 'V', 'C', 'R', 'R', 'G', 'I', 'C', 'Y', 'C', 'R', 'C', 'R', 'G', '<EOS>', '<PAD>', '<PAD>', '<PAD>', '<PAD>', '<PAD>', '<PAD>', '<PAD>', '<PAD>', '<PAD>', '<PAD>', '<PAD>', '<PAD>']"
CP02210;CP02251,KYPHAFIGYDQDPTG,KYPHAFIGYDQDPTG,15,K Y P H A F I G Y D Q D P T G <EOS> <PAD> <PAD> <PAD> <PAD> <PAD> <PAD> <PAD> <PAD> <PAD> <PAD> <PAD> <PAD> <PAD> <PAD> <PAD>,"['K', 'Y', 'P', 'H', 'A', 'F', 'I', 'G', 'Y', 'D', 'Q', 'D', 'P', 'T', 'G', '<EOS>', '<PAD>', '<PAD>', '<PAD>', '<PAD>', '<PAD>', '<PAD>', '<PAD>', '<PAD>', '<PAD>', '<PAD>', '<PAD>', '<PAD>', '<PAD>', '<PAD>', '<PAD>']"
CP03422,LAFVAGVEMMQHVYCSKKC,LAFVAGVEMMQHVYCSKKC,19,L A F V A G V E M M Q H V Y C S K K C <EOS> <PAD> <PAD> <PAD> <PAD> <PAD> <PAD> <PAD> <PAD> <PAD> <PAD> <PAD>,"['L', 'A', 'F', 'V', 'A', 'G', 'V', 'E', 'M', 'M', 'Q', 'H', 'V', 'Y', 'C', 'S', 'K', 'K', 'C', '<EOS>', '<PAD>', '<PAD>', '<PAD>', '<PAD>', '<PAD>', '<PAD>', '<PAD>', '<PAD>', '<PAD>', '<PAD>', '<PAD>']"
CP02461,LALAALLVTAG,LALAALLVTAG,11,L A L A A L L V T A G <EOS> <PAD> <PAD> <PAD> <PAD> <PAD> <PAD> <PAD> <PAD> <PAD> <PAD> <PAD> <PAD> <PAD> <PAD> <PAD> <PAD> <PAD> <PAD> <PAD>,"['L', 'A', 'L', 'A', 'A', 'L', 'L', 'V', 'T', 'A', 'G', '<EOS>', '<PAD>', '<PAD>', '<PAD>', '<PAD>', '<PAD>', '<PAD>', '<PAD>', '<PAD>', '<PAD>', '<PAD>', '<PAD>', '<PAD>', '<PAD>', '<PAD>', '<PAD>', '<PAD>', '<PAD>', '<PAD>', '<PAD>']"
CP06104,LCCVTEDWCCEWW,LCCVTEDWCCEWW,13,L C C V T E D W C C E W W <EOS> <PAD> <PAD> <PAD> <PAD> <PAD> <PAD> <PAD> <PAD> <PAD> <PAD> <PAD> <PAD> <PAD> <PAD> <PAD> <PAD> <PAD>,"['L', 'C', 'C', 'V', 'T', 'E', 'D', 'W', 'C', 'C', 'E', 'W', 'W', '<EOS>', '<PAD>', '<PAD>', '<PAD>', '<PAD>', '<PAD>', '<PAD>', '<PAD>', '<PAD>', '<PAD>', '<PAD>', '<PAD>', '<PAD>', '<PAD>', '<PAD>', '<PAD>', '<PAD>', '<PAD>']"
CP07827,LCCWSEMCHARCKCC,LCCWSEMCHARCKCC,15,L C C W S E M C H A R C K C C <EOS> <PAD> <PAD> <PAD> <PAD> <PAD> <PAD> <PAD> <PAD> <PAD> <PAD> <PAD> <PAD> <PAD> <PAD> <PAD>,"['L', 'C', 'C', 'W', 'S', 'E', 'M', 'C', 'H', 'A', 'R', 'C', 'K', 'C', 'C', '<EOS>', '<PAD>', '<PAD>', '<PAD>', '<PAD>', '<PAD>', '<PAD>', '<PAD>', '<PAD>', '<PAD>', '<PAD>', '<PAD>', '<PAD>', '<PAD>', '<PAD>', '<PAD>']"
CP07805,LCGQAGDPCGSDAQCCSGSCYGGSYC,LCGQAGDPCGSDAQCCSGSCYGGSYC,26,L C G Q A G D P C G S D A Q C C S G S C Y G G S Y C <EOS> <PAD> <PAD> <PAD> <PAD>,"['L', 'C', 'G', 'Q', 'A', 'G', 'D', 'P', 'C', 'G', 'S', 'D', 'A', 'Q', 'C', 'C', 'S', 'G', 'S', 'C', 'Y', 'G', 'G', 'S', 'Y', 'C', '<EOS>', '<PAD>', '<PAD>', '<PAD>', '<PAD>']"
CP08663,LCPPMCRSCSNC,LCPPMCRSCSNC,12,L C P P M C R S C S N C <EOS> <PAD> <PAD> <PAD> <PAD> <PAD> <PAD> <PAD> <PAD> <PAD> <PAD> <PAD> <PAD> <PAD> <PAD> <PAD> <PAD> <PAD> <PAD>,"['L', 'C', 'P', 'P', 'M', 'C', 'R', 'S', 'C', 'S', 'N', 'C', '<EOS>', '<PAD>', '<PAD>', '<PAD>', '<PAD>', '<PAD>', '<PAD>', '<PAD>', '<PAD>', '<PAD>', '<PAD>', '<PAD>', '<PAD>', '<PAD>', '<PAD>', '<PAD>', '<PAD>', '<PAD>', '<PAD>']"
CP07664,LDCCDIHACWMYC,LDCCDIHACWMYC,13,L D C C D I H A C W M Y C <EOS> <PAD> <PAD> <PAD> <PAD> <PAD> <PAD> <PAD> <PAD> <PAD> <PAD> <PAD> <PAD> <PAD> <PAD> <PAD> <PAD> <PAD>,"['L', 'D', 'C', 'C', 'D', 'I', 'H', 'A', 'C', 'W', 'M', 'Y', 'C', '<EOS>', '<PAD>', '<PAD>', '<PAD>', '<PAD>', '<PAD>', '<PAD>', '<PAD>', '<PAD>', '<PAD>', '<PAD>', '<PAD>', '<PAD>', '<PAD>', '<PAD>', '<PAD>', '<PAD>', '<PAD>']"
CP09097;CP09099;CP09108,LDCCDIHACWSAHPELCG,LDCCDIHACWSAHPELCG,18,L D C C D I H A C W S A H P E L C G <EOS> <PAD> <PAD> <PAD> <PAD> <PAD> <PAD> <PAD> <PAD> <PAD> <PAD> <PAD> <PAD>,"['L', 'D', 'C', 'C', 'D', 'I', 'H', 'A', 'C', 'W', 'S', 'A', 'H', 'P', 'E', 'L', 'C', 'G', '<EOS>', '<PAD>', '<PAD>', '<PAD>', '<PAD>', '<PAD>', '<PAD>', '<PAD>', '<PAD>', '<PAD>', '<PAD>', '<PAD>', '<PAD>']"
CP05800,LDLCFESCIYLGCISSAFGCYCYNLLCVKD,LDLCFESCIYLGCISSAFGCYCYNLLCVKD,30,L D L C F E S C I Y L G C I S S A F G C Y C Y N L L C V K D <EOS>,"['L', 'D', 'L', 'C', 'F', 'E', 'S', 'C', 'I', 'Y', 'L', 'G', 'C', 'I', 'S', 'S', 'A', 'F', 'G', 'C', 'Y', 'C', 'Y', 'N', 'L', 'L', 'C', 'V', 'K', 'D', '<EOS>']"
CP07360,LDPCCRDPPCASTHIDRC,LDPCCRDPPCASTHIDRC,18,L D P C C R D P P C A S T H I D R C <EOS> <PAD> <PAD> <PAD> <PAD> <PAD> <PAD> <PAD> <PAD> <PAD> <PAD> <PAD> <PAD>,"['L', 'D', 'P', 'C', 'C', 'R', 'D', 'P', 'P', 'C', 'A', 'S', 'T', 'H', 'I', 'D', 'R', 'C', '<EOS>', '<PAD>', '<PAD>', '<PAD>', '<PAD>', '<PAD>', '<PAD>', '<PAD>', '<PAD>', '<PAD>', '<PAD>', '<PAD>', '<PAD>']"
CP07357,LDPCCRDPPCASTHTDICT,LDPCCRDPPCASTHTDICT,19,L D P C C R D P P C A S T H T D I C T <EOS> <PAD> <PAD> <PAD> <PAD> <PAD> <PAD> <PAD> <PAD> <PAD> <PAD> <PAD>,"['L', 'D', 'P', 'C', 'C', 'R', 'D', 'P', 'P', 'C', 'A', 'S', 'T', 'H', 'T', 'D', 'I', 'C', 'T', '<EOS>', '<PAD>', '<PAD>', '<PAD>', '<PAD>', '<PAD>', '<PAD>', '<PAD>', '<PAD>', '<PAD>', '<PAD>', '<PAD>']"
CP01757,LDTLLSLQLID,LDTLLSLQLID,11,L D T L L S L Q L I D <EOS> <PAD> <PAD> <PAD> <PAD> <PAD> <PAD> <PAD> <PAD> <PAD> <PAD> <PAD> <PAD> <PAD> <PAD> <PAD> <PAD> <PAD> <PAD> <PAD>,"['L', 'D', 'T', 'L', 'L', 'S', 'L', 'Q', 'L', 'I', 'D', '<EOS>', '<PAD>', '<PAD>', '<PAD>', '<PAD>', '<PAD>', '<PAD>', '<PAD>', '<PAD>', '<PAD>', '<PAD>', '<PAD>', '<PAD>', '<PAD>', '<PAD>', '<PAD>', '<PAD>', '<PAD>', '<PAD>', '<PAD>']"
CP01099,LDTLLSLSIID,LDTLLSLSIID,11,L D T L L S L S I I D <EOS> <PAD> <PAD> <PAD> <PAD> <PAD> <PAD> <PAD> <PAD> <PAD> <PAD> <PAD> <PAD> <PAD> <PAD> <PAD> <PAD> <PAD> <PAD> <PAD>,"['L', 'D', 'T', 'L', 'L', 'S', 'L', 'S', 'I', 'I', 'D', '<EOS>', '<PAD>', '<PAD>', '<PAD>', '<PAD>', '<PAD>', '<PAD>', '<PAD>', '<PAD>', '<PAD>', '<PAD>', '<PAD>', '<PAD>', '<PAD>', '<PAD>', '<PAD>', '<PAD>', '<PAD>', '<PAD>', '<PAD>']"
CP04811,LDTLLSLSLID,LDTLLSLSLID,11,L D T L L S L S L I D <EOS> <PAD> <PAD> <PAD> <PAD> <PAD> <PAD> <PAD> <PAD> <PAD> <PAD> <PAD> <PAD> <PAD> <PAD> <PAD> <PAD> <PAD> <PAD> <PAD>,"['L', 'D', 'T', 'L', 'L', 'S', 'L', 'S', 'L', 'I', 'D', '<EOS>', '<PAD>', '<PAD>', '<PAD>', '<PAD>', '<PAD>', '<PAD>', '<PAD>', '<PAD>', '<PAD>', '<PAD>', '<PAD>', '<PAD>', '<PAD>', '<PAD>', '<PAD>', '<PAD>', '<PAD>', '<PAD>', '<PAD>']"
CP02165,LELIQSVISIVS,LELIQSVISIVS,12,L E L I Q S V I S I V S <EOS> <PAD> <PAD> <PAD> <PAD> <PAD> <PAD> <PAD> <PAD> <PAD> <PAD> <PAD> <PAD> <PAD> <PAD> <PAD> <PAD> <PAD> <PAD>,"['L', 'E', 'L', 'I', 'Q', 'S', 'V', 'I', 'S', 'I', 'V', 'S', '<EOS>', '<PAD>', '<PAD>', '<PAD>', '<PAD>', '<PAD>', '<PAD>', '<PAD>', '<PAD>', '<PAD>', '<PAD>', '<PAD>', '<PAD>', '<PAD>', '<PAD>', '<PAD>', '<PAD>', '<PAD>', '<PAD>']"
CP01044,LFPYVALFPYVA,LFPYVALFPYVA,12,L F P Y V A L F P Y V A <EOS> <PAD> <PAD> <PAD> <PAD> <PAD> <PAD> <PAD> <PAD> <PAD> <PAD> <PAD> <PAD> <PAD> <PAD> <PAD> <PAD> <PAD> <PAD>,"['L', 'F', 'P', 'Y', 'V', 'A', 'L', 'F', 'P', 'Y', 'V', 'A', '<EOS>', '<PAD>', '<PAD>', '<PAD>', '<PAD>', '<PAD>', '<PAD>', '<PAD>', '<PAD>', '<PAD>', '<PAD>', '<PAD>', '<PAD>', '<PAD>', '<PAD>', '<PAD>', '<PAD>', '<PAD>', '<PAD>']"
CP05276,LICSSTCLRIPCLSPRCTCRHHICYLN,LICSSTCLRIPCLSPRCTCRHHICYLN,27,L I C S S T C L R I P C L S P R C T C R H H I C Y L N <EOS> <PAD> <PAD> <PAD>,"['L', 'I', 'C', 'S', 'S', 'T', 'C', 'L', 'R', 'I', 'P', 'C', 'L', 'S', 'P', 'R', 'C', 'T', 'C', 'R', 'H', 'H', 'I', 'C', 'Y', 'L', 'N', '<EOS>', '<PAD>', '<PAD>', '<PAD>']"
CP07794,LINTRCCPAQPCCRM,LINTRCCPAQPCCRM,15,L I N T R C C P A Q P C C R M <EOS> <PAD> <PAD> <PAD> <PAD> <PAD> <PAD> <PAD> <PAD> <PAD> <PAD> <PAD> <PAD> <PAD> <PAD> <PAD>,"['L', 'I', 'N', 'T', 'R', 'C', 'C', 'P', 'A', 'Q', 'P', 'C', 'C', 'R', 'M', '<EOS>', '<PAD>', '<PAD>', '<PAD>', '<PAD>', '<PAD>', '<PAD>', '<PAD>', '<PAD>', '<PAD>', '<PAD>', '<PAD>', '<PAD>', '<PAD>', '<PAD>', '<PAD>']"
CP07789,LINTRCCPGQPCCRI,LINTRCCPGQPCCRI,15,L I N T R C C P G Q P C C R I <EOS> <PAD> <PAD> <PAD> <PAD> <PAD> <PAD> <PAD> <PAD> <PAD> <PAD> <PAD> <PAD> <PAD> <PAD> <PAD>,"['L', 'I', 'N', 'T', 'R', 'C', 'C', 'P', 'G', 'Q', 'P', 'C', 'C', 'R', 'I', '<EOS>', '<PAD>', '<PAD>', '<PAD>', '<PAD>', '<PAD>', '<PAD>', '<PAD>', '<PAD>', '<PAD>', '<PAD>', '<PAD>', '<PAD>', '<PAD>', '<PAD>', '<PAD>']"
CP03263,LKGCWTKSIPPKPCFGKR,LKGCWTKSIPPKPCFGKR,18,L K G C W T K S I P P K P C F G K R <EOS> <PAD> <PAD> <PAD> <PAD> <PAD> <PAD> <PAD> <PAD> <PAD> <PAD> <PAD> <PAD>,"['L', 'K', 'G', 'C', 'W', 'T', 'K', 'S', 'I', 'P', 'P', 'K', 'P', 'C', 'F', 'G', 'K', 'R', '<EOS>', '<PAD>', '<PAD>', '<PAD>', '<PAD>', '<PAD>', '<PAD>', '<PAD>', '<PAD>', '<PAD>', '<PAD>', '<PAD>', '<PAD>']"
CP06402,LLDYVTGACCAGLNFVCC,LLDYVTGACCAGLNFVCC,18,L L D Y V T G A C C A G L N F V C C <EOS> <PAD> <PAD> <PAD> <PAD> <PAD> <PAD> <PAD> <PAD> <PAD> <PAD> <PAD> <PAD>,"['L', 'L', 'D', 'Y', 'V', 'T', 'G', 'A', 'C', 'C', 'A', 'G', 'L', 'N', 'F', 'V', 'C', 'C', '<EOS>', '<PAD>', '<PAD>', '<PAD>', '<PAD>', '<PAD>', '<PAD>', '<PAD>', '<PAD>', '<PAD>', '<PAD>', '<PAD>', '<PAD>']"
CP06403,LLGLVTGACCAVLKFSFCC,LLGLVTGACCAVLKFSFCC,19,L L G L V T G A C C A V L K F S F C C <EOS> <PAD> <PAD> <PAD> <PAD> <PAD> <PAD> <PAD> <PAD> <PAD> <PAD> <PAD>,"['L', 'L', 'G', 'L', 'V', 'T', 'G', 'A', 'C', 'C', 'A', 'V', 'L', 'K', 'F', 'S', 'F', 'C', 'C', '<EOS>', '<PAD>', '<PAD>', '<PAD>', '<PAD>', '<PAD>', '<PAD>', '<PAD>', '<PAD>', '<PAD>', '<PAD>', '<PAD>']"
CP03404,LLSLALLPKLFCLIFKKC,LLSLALLPKLFCLIFKKC,18,L L S L A L L P K L F C L I F K K C <EOS> <PAD> <PAD> <PAD> <PAD> <PAD> <PAD> <PAD> <PAD> <PAD> <PAD> <PAD> <PAD>,"['L', 'L', 'S', 'L', 'A', 'L', 'L', 'P', 'K', 'L', 'F', 'C', 'L', 'I', 'F', 'K', 'K', 'C', '<EOS>', '<PAD>', '<PAD>', '<PAD>', '<PAD>', '<PAD>', '<PAD>', '<PAD>', '<PAD>', '<PAD>', '<PAD>', '<PAD>', '<PAD>']"
CP03190,LMCTHPLDCSN,LMCTHPLDCSN,11,L M C T H P L D C S N <EOS> <PAD> <PAD> <PAD> <PAD> <PAD> <PAD> <PAD> <PAD> <PAD> <PAD> <PAD> <PAD> <PAD> <PAD> <PAD> <PAD> <PAD> <PAD> <PAD>,"['L', 'M', 'C', 'T', 'H', 'P', 'L', 'D', 'C', 'S', 'N', '<EOS>', '<PAD>', '<PAD>', '<PAD>', '<PAD>', '<PAD>', '<PAD>', '<PAD>', '<PAD>', '<PAD>', '<PAD>', '<PAD>', '<PAD>', '<PAD>', '<PAD>', '<PAD>', '<PAD>', '<PAD>', '<PAD>', '<PAD>']"
CP03467,LMDTVKNVAKNLAGHMLDKLKCKITGC,LMDTVKNVAKNLAGHMLDKLKCKITGC,27,L M D T V K N V A K N L A G H M L D K L K C K I T G C <EOS> <PAD> <PAD> <PAD>,"['L', 'M', 'D', 'T', 'V', 'K', 'N', 'V', 'A', 'K', 'N', 'L', 'A', 'G', 'H', 'M', 'L', 'D', 'K', 'L', 'K', 'C', 'K', 'I', 'T', 'G', 'C', '<EOS>', '<PAD>', '<PAD>', '<PAD>']"
CP07244,LPCCDVGWCSRRCICDVYRP,LPCCDVGWCSRRCICDVYRP,20,L P C C D V G W C S R R C I C D V Y R P <EOS> <PAD> <PAD> <PAD> <PAD> <PAD> <PAD> <PAD> <PAD> <PAD> <PAD>,"['L', 'P', 'C', 'C', 'D', 'V', 'G', 'W', 'C', 'S', 'R', 'R', 'C', 'I', 'C', 'D', 'V', 'Y', 'R', 'P', '<EOS>', '<PAD>', '<PAD>', '<PAD>', '<PAD>', '<PAD>', '<PAD>', '<PAD>', '<PAD>', '<PAD>', '<PAD>']"
CP07256,LPCCYIGWCSRRCNCGGYRP,LPCCYIGWCSRRCNCGGYRP,20,L P C C Y I G W C S R R C N C G G Y R P <EOS> <PAD> <PAD> <PAD> <PAD> <PAD> <PAD> <PAD> <PAD> <PAD> <PAD>,"['L', 'P', 'C', 'C', 'Y', 'I', 'G', 'W', 'C', 'S', 'R', 'R', 'C', 'N', 'C', 'G', 'G', 'Y', 'R', 'P', '<EOS>', '<PAD>', '<PAD>', '<PAD>', '<PAD>', '<PAD>', '<PAD>', '<PAD>', '<PAD>', '<PAD>', '<PAD>']"
CP01346,LPFFPPVGPIIG,LPFFPPVGPIIG,12,L P F F P P V G P I I G <EOS> <PAD> <PAD> <PAD> <PAD> <PAD> <PAD> <PAD> <PAD> <PAD> <PAD> <PAD> <PAD> <PAD> <PAD> <PAD> <PAD> <PAD> <PAD>,"['L', 'P', 'F', 'F', 'P', 'P', 'V', 'G', 'P', 'I', 'I', 'G', '<EOS>', '<PAD>', '<PAD>', '<PAD>', '<PAD>', '<PAD>', '<PAD>', '<PAD>', '<PAD>', '<PAD>', '<PAD>', '<PAD>', '<PAD>', '<PAD>', '<PAD>', '<PAD>', '<PAD>', '<PAD>', '<PAD>']"
CP01986,LPFFPPVGPLFG,LPFFPPVGPLFG,12,L P F F P P V G P L F G <EOS> <PAD> <PAD> <PAD> <PAD> <PAD> <PAD> <PAD> <PAD> <PAD> <PAD> <PAD> <PAD> <PAD> <PAD> <PAD> <PAD> <PAD> <PAD>,"['L', 'P', 'F', 'F', 'P', 'P', 'V', 'G', 'P', 'L', 'F', 'G', '<EOS>', '<PAD>', '<PAD>', '<PAD>', '<PAD>', '<PAD>', '<PAD>', '<PAD>', '<PAD>', '<PAD>', '<PAD>', '<PAD>', '<PAD>', '<PAD>', '<PAD>', '<PAD>', '<PAD>', '<PAD>', '<PAD>']"
CP07340,LPGLTSSGDSDESLPFLNTICCWSGACCG,LPGLTSSGDSDESLPFLNTICCWSGACCG,29,L P G L T S S G D S D E S L P F L N T I C C W S G A C C G <EOS> <PAD>,"['L', 'P', 'G', 'L', 'T', 'S', 'S', 'G', 'D', 'S', 'D', 'E', 'S', 'L', 'P', 'F', 'L', 'N', 'T', 'I', 'C', 'C', 'W', 'S', 'G', 'A', 'C', 'C', 'G', '<EOS>', '<PAD>']"
CP05791,LPLCGGETCTFGTCDTPGCTCGYWPFCTKD,LPLCGGETCTFGTCDTPGCTCGYWPFCTKD,30,L P L C G G E T C T F G T C D T P G C T C G Y W P F C T K D <EOS>,"['L', 'P', 'L', 'C', 'G', 'G', 'E', 'T', 'C', 'T', 'F', 'G', 'T', 'C', 'D', 'T', 'P', 'G', 'C', 'T', 'C', 'G', 'Y', 'W', 'P', 'F', 'C', 'T', 'K', 'D', '<EOS>']"
CP01393;CP02307,LPPLLPPVGPLFG,LPPLLPPVGPLFG,13,L P P L L P P V G P L F G <EOS> <PAD> <PAD> <PAD> <PAD> <PAD> <PAD> <PAD> <PAD> <PAD> <PAD> <PAD> <PAD> <PAD> <PAD> <PAD> <PAD> <PAD>,"['L', 'P', 'P', 'L', 'L', 'P', 'P', 'V', 'G', 'P', 'L', 'F', 'G', '<EOS>', '<PAD>', '<PAD>', '<PAD>', '<PAD>', '<PAD>', '<PAD>', '<PAD>', '<PAD>', '<PAD>', '<PAD>', '<PAD>', '<PAD>', '<PAD>', '<PAD>', '<PAD>', '<PAD>', '<PAD>']"
CP07182,LRECCGRVGPMCPKCMCPPRRC,LRECCGRVGPMCPKCMCPPRRC,22,L R E C C G R V G P M C P K C M C P P R R C <EOS> <PAD> <PAD> <PAD> <PAD> <PAD> <PAD> <PAD> <PAD>,"['L', 'R', 'E', 'C', 'C', 'G', 'R', 'V', 'G', 'P', 'M', 'C', 'P', 'K', 'C', 'M', 'C', 'P', 'P', 'R', 'R', 'C', '<EOS>', '<PAD>', '<PAD>', '<PAD>', '<PAD>', '<PAD>', '<PAD>', '<PAD>', '<PAD>']"
CP03472,LRGCWTKSIPPKPCPGKR,LRGCWTKSIPPKPCPGKR,18,L R G C W T K S I P P K P C P G K R <EOS> <PAD> <PAD> <PAD> <PAD> <PAD> <PAD> <PAD> <PAD> <PAD> <PAD> <PAD> <PAD>,"['L', 'R', 'G', 'C', 'W', 'T', 'K', 'S', 'I', 'P', 'P', 'K', 'P', 'C', 'P', 'G', 'K', 'R', '<EOS>', '<PAD>', '<PAD>', '<PAD>', '<PAD>', '<PAD>', '<PAD>', '<PAD>', '<PAD>', '<PAD>', '<PAD>', '<PAD>', '<PAD>']"
CP06058,LSCCADPACKHTPGC,LSCCADPACKHTPGC,15,L S C C A D P A C K H T P G C <EOS> <PAD> <PAD> <PAD> <PAD> <PAD> <PAD> <PAD> <PAD> <PAD> <PAD> <PAD> <PAD> <PAD> <PAD> <PAD>,"['L', 'S', 'C', 'C', 'A', 'D', 'P', 'A', 'C', 'K', 'H', 'T', 'P', 'G', 'C', '<EOS>', '<PAD>', '<PAD>', '<PAD>', '<PAD>', '<PAD>', '<PAD>', '<PAD>', '<PAD>', '<PAD>', '<PAD>', '<PAD>', '<PAD>', '<PAD>', '<PAD>', '<PAD>']"
CP02224,LSDPSQWGWAG,LSDPSQWGWAG,11,L S D P S Q W G W A G <EOS> <PAD> <PAD> <PAD> <PAD> <PAD> <PAD> <PAD> <PAD> <PAD> <PAD> <PAD> <PAD> <PAD> <PAD> <PAD> <PAD> <PAD> <PAD> <PAD>,"['L', 'S', 'D', 'P', 'S', 'Q', 'W', 'G', 'W', 'A', 'G', '<EOS>', '<PAD>', '<PAD>', '<PAD>', '<PAD>', '<PAD>', '<PAD>', '<PAD>', '<PAD>', '<PAD>', '<PAD>', '<PAD>', '<PAD>', '<PAD>', '<PAD>', '<PAD>', '<PAD>', '<PAD>', '<PAD>', '<PAD>']"
CP02103,LTFAEYWAQLASAA,LTFAEYWAQLASAA,14,L T F A E Y W A Q L A S A A <EOS> <PAD> <PAD> <PAD> <PAD> <PAD> <PAD> <PAD> <PAD> <PAD> <PAD> <PAD> <PAD> <PAD> <PAD> <PAD> <PAD>,"['L', 'T', 'F', 'A', 'E', 'Y', 'W', 'A', 'Q', 'L', 'A', 'S', 'A', 'A', '<EOS>', '<PAD>', '<PAD>', '<PAD>', '<PAD>', '<PAD>', '<PAD>', '<PAD>', '<PAD>', '<PAD>', '<PAD>', '<PAD>', '<PAD>', '<PAD>', '<PAD>', '<PAD>', '<PAD>']"
CP07714,LTQFECCSEVFSCC,LTQFECCSEVFSCC,14,L T Q F E C C S E V F S C C <EOS> <PAD> <PAD> <PAD> <PAD> <PAD> <PAD> <PAD> <PAD> <PAD> <PAD> <PAD> <PAD> <PAD> <PAD> <PAD> <PAD>,"['L', 'T', 'Q', 'F', 'E', 'C', 'C', 'S', 'E', 'V', 'F', 'S', 'C', 'C', '<EOS>', '<PAD>', '<PAD>', '<PAD>', '<PAD>', '<PAD>', '<PAD>', '<PAD>', '<PAD>', '<PAD>', '<PAD>', '<PAD>', '<PAD>', '<PAD>', '<PAD>', '<PAD>', '<PAD>']"
CP07608,LTSEELIECCVIESCHSNHIDECES,LTSEELIECCVIESCHSNHIDECES,25,L T S E E L I E C C V I E S C H S N H I D E C E S <EOS> <PAD> <PAD> <PAD> <PAD> <PAD>,"['L', 'T', 'S', 'E', 'E', 'L', 'I', 'E', 'C', 'C', 'V', 'I', 'E', 'S', 'C', 'H', 'S', 'N', 'H', 'I', 'D', 'E', 'C', 'E', 'S', '<EOS>', '<PAD>', '<PAD>', '<PAD>', '<PAD>', '<PAD>']"
CP00505,LVAAALLVTAG,LVAAALLVTAG,11,L V A A A L L V T A G <EOS> <PAD> <PAD> <PAD> <PAD> <PAD> <PAD> <PAD> <PAD> <PAD> <PAD> <PAD> <PAD> <PAD> <PAD> <PAD> <PAD> <PAD> <PAD> <PAD>,"['L', 'V', 'A', 'A', 'A', 'L', 'L', 'V', 'T', 'A', 'G', '<EOS>', '<PAD>', '<PAD>', '<PAD>', '<PAD>', '<PAD>', '<PAD>', '<PAD>', '<PAD>', '<PAD>', '<PAD>', '<PAD>', '<PAD>', '<PAD>', '<PAD>', '<PAD>', '<PAD>', '<PAD>', '<PAD>', '<PAD>']"
CP00909;CP02311;CP02324,LVLAALLVLAG,LVLAALLVLAG,11,L V L A A L L V L A G <EOS> <PAD> <PAD> <PAD> <PAD> <PAD> <PAD> <PAD> <PAD> <PAD> <PAD> <PAD> <PAD> <PAD> <PAD> <PAD> <PAD> <PAD> <PAD> <PAD>,"['L', 'V', 'L', 'A', 'A', 'L', 'L', 'V', 'L', 'A', 'G', '<EOS>', '<PAD>', '<PAD>', '<PAD>', '<PAD>', '<PAD>', '<PAD>', '<PAD>', '<PAD>', '<PAD>', '<PAD>', '<PAD>', '<PAD>', '<PAD>', '<PAD>', '<PAD>', '<PAD>', '<PAD>', '<PAD>', '<PAD>']"
CP00460;CP01517;CP01809;CP02410;CP02440;CP02566,LVLAALLVTTG,LVLAALLVTTG,11,L V L A A L L V T T G <EOS> <PAD> <PAD> <PAD> <PAD> <PAD> <PAD> <PAD> <PAD> <PAD> <PAD> <PAD> <PAD> <PAD> <PAD> <PAD> <PAD> <PAD> <PAD> <PAD>,"['L', 'V', 'L', 'A', 'A', 'L', 'L', 'V', 'T', 'T', 'G', '<EOS>', '<PAD>', '<PAD>', '<PAD>', '<PAD>', '<PAD>', '<PAD>', '<PAD>', '<PAD>', '<PAD>', '<PAD>', '<PAD>', '<PAD>', '<PAD>', '<PAD>', '<PAD>', '<PAD>', '<PAD>', '<PAD>', '<PAD>']"
CP00502;CP00695;CP02033,LVLASLLVTAG,LVLASLLVTAG,11,L V L A S L L V T A G <EOS> <PAD> <PAD> <PAD> <PAD> <PAD> <PAD> <PAD> <PAD> <PAD> <PAD> <PAD> <PAD> <PAD> <PAD> <PAD> <PAD> <PAD> <PAD> <PAD>,"['L', 'V', 'L', 'A', 'S', 'L', 'L', 'V', 'T', 'A', 'G', '<EOS>', '<PAD>', '<PAD>', '<PAD>', '<PAD>', '<PAD>', '<PAD>', '<PAD>', '<PAD>', '<PAD>', '<PAD>', '<PAD>', '<PAD>', '<PAD>', '<PAD>', '<PAD>', '<PAD>', '<PAD>', '<PAD>', '<PAD>']"
CP03256,LVRGCWTKSYPPKPCFVR,LVRGCWTKSYPPKPCFVR,18,L V R G C W T K S Y P P K P C F V R <EOS> <PAD> <PAD> <PAD> <PAD> <PAD> <PAD> <PAD> <PAD> <PAD> <PAD> <PAD> <PAD>,"['L', 'V', 'R', 'G', 'C', 'W', 'T', 'K', 'S', 'Y', 'P', 'P', 'K', 'P', 'C', 'F', 'V', 'R', '<EOS>', '<PAD>', '<PAD>', '<PAD>', '<PAD>', '<PAD>', '<PAD>', '<PAD>', '<PAD>', '<PAD>', '<PAD>', '<PAD>', '<PAD>']"
CP05774,LVSCGQSCFRTPCVALTTCSCKFPVCYKN,LVSCGQSCFRTPCVALTTCSCKFPVCYKN,29,L V S C G Q S C F R T P C V A L T T C S C K F P V C Y K N <EOS> <PAD>,"['L', 'V', 'S', 'C', 'G', 'Q', 'S', 'C', 'F', 'R', 'T', 'P', 'C', 'V', 'A', 'L', 'T', 'T', 'C', 'S', 'C', 'K', 'F', 'P', 'V', 'C', 'Y', 'K', 'N', '<EOS>', '<PAD>']"
CP07424,LVVGDQLCYRVLIKCLMNK,LVVGDQLCYRVLIKCLMNK,19,L V V G D Q L C Y R V L I K C L M N K <EOS> <PAD> <PAD> <PAD> <PAD> <PAD> <PAD> <PAD> <PAD> <PAD> <PAD> <PAD>,"['L', 'V', 'V', 'G', 'D', 'Q', 'L', 'C', 'Y', 'R', 'V', 'L', 'I', 'K', 'C', 'L', 'M', 'N', 'K', '<EOS>', '<PAD>', '<PAD>', '<PAD>', '<PAD>', '<PAD>', '<PAD>', '<PAD>', '<PAD>', '<PAD>', '<PAD>', '<PAD>']"
CP03026,LVVLAVAVVVWLR,LVVLAVAVVVWLR,13,L V V L A V A V V V W L R <EOS> <PAD> <PAD> <PAD> <PAD> <PAD> <PAD> <PAD> <PAD> <PAD> <PAD> <PAD> <PAD> <PAD> <PAD> <PAD> <PAD> <PAD>,"['L', 'V', 'V', 'L', 'A', 'V', 'A', 'V', 'V', 'V', 'W', 'L', 'R', '<EOS>', '<PAD>', '<PAD>', '<PAD>', '<PAD>', '<PAD>', '<PAD>', '<PAD>', '<PAD>', '<PAD>', '<PAD>', '<PAD>', '<PAD>', '<PAD>', '<PAD>', '<PAD>', '<PAD>', '<PAD>']"
CP08436,MCCRWPCPRHVDGKYCVCCL,MCCRWPCPRHVDGKYCVCCL,20,M C C R W P C P R H V D G K Y C V C C L <EOS> <PAD> <PAD> <PAD> <PAD> <PAD> <PAD> <PAD> <PAD> <PAD> <PAD>,"['M', 'C', 'C', 'R', 'W', 'P', 'C', 'P', 'R', 'H', 'V', 'D', 'G', 'K', 'Y', 'C', 'V', 'C', 'C', 'L', '<EOS>', '<PAD>', '<PAD>', '<PAD>', '<PAD>', '<PAD>', '<PAD>', '<PAD>', '<PAD>', '<PAD>', '<PAD>']"
CP08380,MCCRWPCPRQIDGEYCGCCL,MCCRWPCPRQIDGEYCGCCL,20,M C C R W P C P R Q I D G E Y C G C C L <EOS> <PAD> <PAD> <PAD> <PAD> <PAD> <PAD> <PAD> <PAD> <PAD> <PAD>,"['M', 'C', 'C', 'R', 'W', 'P', 'C', 'P', 'R', 'Q', 'I', 'D', 'G', 'E', 'Y', 'C', 'G', 'C', 'C', 'L', '<EOS>', '<PAD>', '<PAD>', '<PAD>', '<PAD>', '<PAD>', '<PAD>', '<PAD>', '<PAD>', '<PAD>', '<PAD>']"
CP07269,MGLILPALRQQSCCDIQWCYDNCDCCI,MGLILPALRQQSCCDIQWCYDNCDCCI,27,M G L I L P A L R Q Q S C C D I Q W C Y D N C D C C I <EOS> <PAD> <PAD> <PAD>,"['M', 'G', 'L', 'I', 'L', 'P', 'A', 'L', 'R', 'Q', 'Q', 'S', 'C', 'C', 'D', 'I', 'Q', 'W', 'C', 'Y', 'D', 'N', 'C', 'D', 'C', 'C', 'I', '<EOS>', '<PAD>', '<PAD>', '<PAD>']"
CP07267,MGYILPALSQQTCCVRPWCDGACDCCVDP,MGYILPALSQQTCCVRPWCDGACDCCVDP,29,M G Y I L P A L S Q Q T C C V R P W C D G A C D C C V D P <EOS> <PAD>,"['M', 'G', 'Y', 'I', 'L', 'P', 'A', 'L', 'S', 'Q', 'Q', 'T', 'C', 'C', 'V', 'R', 'P', 'W', 'C', 'D', 'G', 'A', 'C', 'D', 'C', 'C', 'V', 'D', 'P', '<EOS>', '<PAD>']"
CP07294,MKLMLSALRQQECCKPSTCDGGCYHCC,MKLMLSALRQQECCKPSTCDGGCYHCC,27,M K L M L S A L R Q Q E C C K P S T C D G G C Y H C C <EOS> <PAD> <PAD> <PAD>,"['M', 'K', 'L', 'M', 'L', 'S', 'A', 'L', 'R', 'Q', 'Q', 'E', 'C', 'C', 'K', 'P', 'S', 'T', 'C', 'D', 'G', 'G', 'C', 'Y', 'H', 'C', 'C', '<EOS>', '<PAD>', '<PAD>', '<PAD>']"
CP07292,MKMMLPALRQQPCCSPSTCDGGCYHCC,MKMMLPALRQQPCCSPSTCDGGCYHCC,27,M K M M L P A L R Q Q P C C S P S T C D G G C Y H C C <EOS> <PAD> <PAD> <PAD>,"['M', 'K', 'M', 'M', 'L', 'P', 'A', 'L', 'R', 'Q', 'Q', 'P', 'C', 'C', 'S', 'P', 'S', 'T', 'C', 'D', 'G', 'G', 'C', 'Y', 'H', 'C', 'C', '<EOS>', '<PAD>', '<PAD>', '<PAD>']"
CP08749,MRIISFALKQWGCCDTGWCDAGCGCCV,MRIISFALKQWGCCDTGWCDAGCGCCV,27,M R I I S F A L K Q W G C C D T G W C D A G C G C C V <EOS> <PAD> <PAD> <PAD>,"['M', 'R', 'I', 'I', 'S', 'F', 'A', 'L', 'K', 'Q', 'W', 'G', 'C', 'C', 'D', 'T', 'G', 'W', 'C', 'D', 'A', 'G', 'C', 'G', 'C', 'C', 'V', '<EOS>', '<PAD>', '<PAD>', '<PAD>']"
CP08800,MRPPLCKPSCTNC,MRPPLCKPSCTNC,13,M R P P L C K P S C T N C <EOS> <PAD> <PAD> <PAD> <PAD> <PAD> <PAD> <PAD> <PAD> <PAD> <PAD> <PAD> <PAD> <PAD> <PAD> <PAD> <PAD> <PAD>,"['M', 'R', 'P', 'P', 'L', 'C', 'K', 'P', 'S', 'C', 'T', 'N', 'C', '<EOS>', '<PAD>', '<PAD>', '<PAD>', '<PAD>', '<PAD>', '<PAD>', '<PAD>', '<PAD>', '<PAD>', '<PAD>', '<PAD>', '<PAD>', '<PAD>', '<PAD>', '<PAD>', '<PAD>', '<PAD>']"
CP05161,MSDINATRLPCVGDDVNRLLTRGESLC,MSDINATRLPCVGDDVNRLLTRGESLC,27,M S D I N A T R L P C V G D D V N R L L T R G E S L C <EOS> <PAD> <PAD> <PAD>,"['M', 'S', 'D', 'I', 'N', 'A', 'T', 'R', 'L', 'P', 'C', 'V', 'G', 'D', 'D', 'V', 'N', 'R', 'L', 'L', 'T', 'R', 'G', 'E', 'S', 'L', 'C', '<EOS>', '<PAD>', '<PAD>', '<PAD>']"
CP04932,MSDINATRLPCVGDDVTTLLTRGEALC,MSDINATRLPCVGDDVTTLLTRGEALC,27,M S D I N A T R L P C V G D D V T T L L T R G E A L C <EOS> <PAD> <PAD> <PAD>,"['M', 'S', 'D', 'I', 'N', 'A', 'T', 'R', 'L', 'P', 'C', 'V', 'G', 'D', 'D', 'V', 'T', 'T', 'L', 'L', 'T', 'R', 'G', 'E', 'A', 'L', 'C', '<EOS>', '<PAD>', '<PAD>', '<PAD>']"
CP08677,MTREMWDECCEDPPCRNNHLEHCPA,MTREMWDECCEDPPCRNNHLEHCPA,25,M T R E M W D E C C E D P P C R N N H L E H C P A <EOS> <PAD> <PAD> <PAD> <PAD> <PAD>,"['M', 'T', 'R', 'E', 'M', 'W', 'D', 'E', 'C', 'C', 'E', 'D', 'P', 'P', 'C', 'R', 'N', 'N', 'H', 'L', 'E', 'H', 'C', 'P', 'A', '<EOS>', '<PAD>', '<PAD>', '<PAD>', '<PAD>', '<PAD>']"
CP07526,NAAAKAFDLKGCCSHPACSGNYQEYCRESY,NAAAKAFDLKGCCSHPACSGNYQEYCRESY,30,N A A A K A F D L K G C C S H P A C S G N Y Q E Y C R E S Y <EOS>,"['N', 'A', 'A', 'A', 'K', 'A', 'F', 'D', 'L', 'K', 'G', 'C', 'C', 'S', 'H', 'P', 'A', 'C', 'S', 'G', 'N', 'Y', 'Q', 'E', 'Y', 'C', 'R', 'E', 'S', 'Y', '<EOS>']"
CP06919,NAAANDKASGVNGCCSNPACHVDHAELC,NAAANDKASGVNGCCSNPACHVDHAELC,28,N A A A N D K A S G V N G C C S N P A C H V D H A E L C <EOS> <PAD> <PAD>,"['N', 'A', 'A', 'A', 'N', 'D', 'K', 'A', 'S', 'G', 'V', 'N', 'G', 'C', 'C', 'S', 'N', 'P', 'A', 'C', 'H', 'V', 'D', 'H', 'A', 'E', 'L', 'C', '<EOS>', '<PAD>', '<PAD>']"
CP06390,NCCIYENWCCEWI,NCCIYENWCCEWI,13,N C C I Y E N W C C E W I <EOS> <PAD> <PAD> <PAD> <PAD> <PAD> <PAD> <PAD> <PAD> <PAD> <PAD> <PAD> <PAD> <PAD> <PAD> <PAD> <PAD> <PAD>,"['N', 'C', 'C', 'I', 'Y', 'E', 'N', 'W', 'C', 'C', 'E', 'W', 'I', '<EOS>', '<PAD>', '<PAD>', '<PAD>', '<PAD>', '<PAD>', '<PAD>', '<PAD>', '<PAD>', '<PAD>', '<PAD>', '<PAD>', '<PAD>', '<PAD>', '<PAD>', '<PAD>', '<PAD>', '<PAD>']"
CP08139,NCFPNGKFCGFPKVGKPCCSGVCLFACT,NCFPNGKFCGFPKVGKPCCSGVCLFACT,28,N C F P N G K F C G F P K V G K P C C S G V C L F A C T <EOS> <PAD> <PAD>,"['N', 'C', 'F', 'P', 'N', 'G', 'K', 'F', 'C', 'G', 'F', 'P', 'K', 'V', 'G', 'K', 'P', 'C', 'C', 'S', 'G', 'V', 'C', 'L', 'F', 'A', 'C', 'T', '<EOS>', '<PAD>', '<PAD>']"
CP08143,NCFPNGKFCGLPKVGKPCCSGVCVFACV,NCFPNGKFCGLPKVGKPCCSGVCVFACV,28,N C F P N G K F C G L P K V G K P C C S G V C V F A C V <EOS> <PAD> <PAD>,"['N', 'C', 'F', 'P', 'N', 'G', 'K', 'F', 'C', 'G', 'L', 'P', 'K', 'V', 'G', 'K', 'P', 'C', 'C', 'S', 'G', 'V', 'C', 'V', 'F', 'A', 'C', 'V', '<EOS>', '<PAD>', '<PAD>']"
CP06977,NCIPKNHFCGLLHHSRNCCTPTCLIVCF,NCIPKNHFCGLLHHSRNCCTPTCLIVCF,28,N C I P K N H F C G L L H H S R N C C T P T C L I V C F <EOS> <PAD> <PAD>,"['N', 'C', 'I', 'P', 'K', 'N', 'H', 'F', 'C', 'G', 'L', 'L', 'H', 'H', 'S', 'R', 'N', 'C', 'C', 'T', 'P', 'T', 'C', 'L', 'I', 'V', 'C', 'F', '<EOS>', '<PAD>', '<PAD>']"
CP07773,NCPYCVVYCCPPAYCQASGCRPP,NCPYCVVYCCPPAYCQASGCRPP,23,N C P Y C V V Y C C P P A Y C Q A S G C R P P <EOS> <PAD> <PAD> <PAD> <PAD> <PAD> <PAD> <PAD>,"['N', 'C', 'P', 'Y', 'C', 'V', 'V', 'Y', 'C', 'C', 'P', 'P', 'A', 'Y', 'C', 'Q', 'A', 'S', 'G', 'C', 'R', 'P', 'P', '<EOS>', '<PAD>', '<PAD>', '<PAD>', '<PAD>', '<PAD>', '<PAD>', '<PAD>']"
CP08249,NECCDNPPCKSSNPDLCDWIS,NECCDNPPCKSSNPDLCDWIS,21,N E C C D N P P C K S S N P D L C D W I S <EOS> <PAD> <PAD> <PAD> <PAD> <PAD> <PAD> <PAD> <PAD> <PAD>,"['N', 'E', 'C', 'C', 'D', 'N', 'P', 'P', 'C', 'K', 'S', 'S', 'N', 'P', 'D', 'L', 'C', 'D', 'W', 'I', 'S', '<EOS>', '<PAD>', '<PAD>', '<PAD>', '<PAD>', '<PAD>', '<PAD>', '<PAD>', '<PAD>', '<PAD>']"
CP08381,NECCWNPDCTSHRCD,NECCWNPDCTSHRCD,15,N E C C W N P D C T S H R C D <EOS> <PAD> <PAD> <PAD> <PAD> <PAD> <PAD> <PAD> <PAD> <PAD> <PAD> <PAD> <PAD> <PAD> <PAD> <PAD>,"['N', 'E', 'C', 'C', 'W', 'N', 'P', 'D', 'C', 'T', 'S', 'H', 'R', 'C', 'D', '<EOS>', '<PAD>', '<PAD>', '<PAD>', '<PAD>', '<PAD>', '<PAD>', '<PAD>', '<PAD>', '<PAD>', '<PAD>', '<PAD>', '<PAD>', '<PAD>', '<PAD>', '<PAD>']"
CP06298,NGCCRAGDCCSRFEIKENDF,NGCCRAGDCCSRFEIKENDF,20,N G C C R A G D C C S R F E I K E N D F <EOS> <PAD> <PAD> <PAD> <PAD> <PAD> <PAD> <PAD> <PAD> <PAD> <PAD>,"['N', 'G', 'C', 'C', 'R', 'A', 'G', 'D', 'C', 'C', 'S', 'R', 'F', 'E', 'I', 'K', 'E', 'N', 'D', 'F', '<EOS>', '<PAD>', '<PAD>', '<PAD>', '<PAD>', '<PAD>', '<PAD>', '<PAD>', '<PAD>', '<PAD>', '<PAD>']"
CP08454,NGCNGNTCSNSPCPNNCYCDTEDDCHPD,NGCNGNTCSNSPCPNNCYCDTEDDCHPD,28,N G C N G N T C S N S P C P N N C Y C D T E D D C H P D <EOS> <PAD> <PAD>,"['N', 'G', 'C', 'N', 'G', 'N', 'T', 'C', 'S', 'N', 'S', 'P', 'C', 'P', 'N', 'N', 'C', 'Y', 'C', 'D', 'T', 'E', 'D', 'D', 'C', 'H', 'P', 'D', '<EOS>', '<PAD>', '<PAD>']"
CP06308,NGHCCHPACGGKYVKC,NGHCCHPACGGKYVKC,16,N G H C C H P A C G G K Y V K C <EOS> <PAD> <PAD> <PAD> <PAD> <PAD> <PAD> <PAD> <PAD> <PAD> <PAD> <PAD> <PAD> <PAD> <PAD>,"['N', 'G', 'H', 'C', 'C', 'H', 'P', 'A', 'C', 'G', 'G', 'K', 'Y', 'V', 'K', 'C', '<EOS>', '<PAD>', '<PAD>', '<PAD>', '<PAD>', '<PAD>', '<PAD>', '<PAD>', '<PAD>', '<PAD>', '<PAD>', '<PAD>', '<PAD>', '<PAD>', '<PAD>']"
CP06917,NGRCCHPACAKYFSC,NGRCCHPACAKYFSC,15,N G R C C H P A C A K Y F S C <EOS> <PAD> <PAD> <PAD> <PAD> <PAD> <PAD> <PAD> <PAD> <PAD> <PAD> <PAD> <PAD> <PAD> <PAD> <PAD>,"['N', 'G', 'R', 'C', 'C', 'H', 'P', 'A', 'C', 'A', 'K', 'Y', 'F', 'S', 'C', '<EOS>', '<PAD>', '<PAD>', '<PAD>', '<PAD>', '<PAD>', '<PAD>', '<PAD>', '<PAD>', '<PAD>', '<PAD>', '<PAD>', '<PAD>', '<PAD>', '<PAD>', '<PAD>']"
CP06916,NGRCCHPACGAKYFKCG,NGRCCHPACGAKYFKCG,17,N G R C C H P A C G A K Y F K C G <EOS> <PAD> <PAD> <PAD> <PAD> <PAD> <PAD> <PAD> <PAD> <PAD> <PAD> <PAD> <PAD> <PAD>,"['N', 'G', 'R', 'C', 'C', 'H', 'P', 'A', 'C', 'G', 'A', 'K', 'Y', 'F', 'K', 'C', 'G', '<EOS>', '<PAD>', '<PAD>', '<PAD>', '<PAD>', '<PAD>', '<PAD>', '<PAD>', '<PAD>', '<PAD>', '<PAD>', '<PAD>', '<PAD>', '<PAD>']"
CP07715,NLQILCCKHSLECCT,NLQILCCKHSLECCT,15,N L Q I L C C K H S L E C C T <EOS> <PAD> <PAD> <PAD> <PAD> <PAD> <PAD> <PAD> <PAD> <PAD> <PAD> <PAD> <PAD> <PAD> <PAD> <PAD>,"['N', 'L', 'Q', 'I', 'L', 'C', 'C', 'K', 'H', 'S', 'L', 'E', 'C', 'C', 'T', '<EOS>', '<PAD>', '<PAD>', '<PAD>', '<PAD>', '<PAD>', '<PAD>', '<PAD>', '<PAD>', '<PAD>', '<PAD>', '<PAD>', '<PAD>', '<PAD>', '<PAD>', '<PAD>']"
CP09121;CP09132,NLQILCCKHTPACCT,NLQILCCKHTPACCT,15,N L Q I L C C K H T P A C C T <EOS> <PAD> <PAD> <PAD> <PAD> <PAD> <PAD> <PAD> <PAD> <PAD> <PAD> <PAD> <PAD> <PAD> <PAD> <PAD>,"['N', 'L', 'Q', 'I', 'L', 'C', 'C', 'K', 'H', 'T', 'P', 'A', 'C', 'C', 'T', '<EOS>', '<PAD>', '<PAD>', '<PAD>', '<PAD>', '<PAD>', '<PAD>', '<PAD>', '<PAD>', '<PAD>', '<PAD>', '<PAD>', '<PAD>', '<PAD>', '<PAD>', '<PAD>']"
CP07302,NSASLISSWVDNTNFCCCSHDCATICDDCF,NSASLISSWVDNTNFCCCSHDCATICDDCF,30,N S A S L I S S W V D N T N F C C C S H D C A T I C D D C F <EOS>,"['N', 'S', 'A', 'S', 'L', 'I', 'S', 'S', 'W', 'V', 'D', 'N', 'T', 'N', 'F', 'C', 'C', 'C', 'S', 'H', 'D', 'C', 'A', 'T', 'I', 'C', 'D', 'D', 'C', 'F', '<EOS>']"
CP06971,NSEDGSPYPGPGQQPNCCKWPIVTCCN,NSEDGSPYPGPGQQPNCCKWPIVTCCN,27,N S E D G S P Y P G P G Q Q P N C C K W P I V T C C N <EOS> <PAD> <PAD> <PAD>,"['N', 'S', 'E', 'D', 'G', 'S', 'P', 'Y', 'P', 'G', 'P', 'G', 'Q', 'Q', 'P', 'N', 'C', 'C', 'K', 'W', 'P', 'I', 'V', 'T', 'C', 'C', 'N', '<EOS>', '<PAD>', '<PAD>', '<PAD>']"
CP02660,NTAATAATFAATAGLAA,NTAATAATFAATAGLAA,17,N T A A T A A T F A A T A G L A A <EOS> <PAD> <PAD> <PAD> <PAD> <PAD> <PAD> <PAD> <PAD> <PAD> <PAD> <PAD> <PAD> <PAD>,"['N', 'T', 'A', 'A', 'T', 'A', 'A', 'T', 'F', 'A', 'A', 'T', 'A', 'G', 'L', 'A', 'A', '<EOS>', '<PAD>', '<PAD>', '<PAD>', '<PAD>', '<PAD>', '<PAD>', '<PAD>', '<PAD>', '<PAD>', '<PAD>', '<PAD>', '<PAD>', '<PAD>']"
CP04965,NTAFCGETCVLGTCYTPDCSCTAIVCIKN,NTAFCGETCVLGTCYTPDCSCTAIVCIKN,29,N T A F C G E T C V L G T C Y T P D C S C T A I V C I K N <EOS> <PAD>,"['N', 'T', 'A', 'F', 'C', 'G', 'E', 'T', 'C', 'V', 'L', 'G', 'T', 'C', 'Y', 'T', 'P', 'D', 'C', 'S', 'C', 'T', 'A', 'I', 'V', 'C', 'I', 'K', 'N', '<EOS>', '<PAD>']"
CP07846,NVNCGGVPCKFGCCREDRCREIDCD,NVNCGGVPCKFGCCREDRCREIDCD,25,N V N C G G V P C K F G C C R E D R C R E I D C D <EOS> <PAD> <PAD> <PAD> <PAD> <PAD>,"['N', 'V', 'N', 'C', 'G', 'G', 'V', 'P', 'C', 'K', 'F', 'G', 'C', 'C', 'R', 'E', 'D', 'R', 'C', 'R', 'E', 'I', 'D', 'C', 'D', '<EOS>', '<PAD>', '<PAD>', '<PAD>', '<PAD>', '<PAD>']"
CP07349,NVWEKCCLDPRCSGKHQNKC,NVWEKCCLDPRCSGKHQNKC,20,N V W E K C C L D P R C S G K H Q N K C <EOS> <PAD> <PAD> <PAD> <PAD> <PAD> <PAD> <PAD> <PAD> <PAD> <PAD>,"['N', 'V', 'W', 'E', 'K', 'C', 'C', 'L', 'D', 'P', 'R', 'C', 'S', 'G', 'K', 'H', 'Q', 'N', 'K', 'C', '<EOS>', '<PAD>', '<PAD>', '<PAD>', '<PAD>', '<PAD>', '<PAD>', '<PAD>', '<PAD>', '<PAD>', '<PAD>']"
CP06125,PCKKSGRKCFPHQKDCCGRACIITICP,PCKKSGRKCFPHQKDCCGRACIITICP,27,P C K K S G R K C F P H Q K D C C G R A C I I T I C P <EOS> <PAD> <PAD> <PAD>,"['P', 'C', 'K', 'K', 'S', 'G', 'R', 'K', 'C', 'F', 'P', 'H', 'Q', 'K', 'D', 'C', 'C', 'G', 'R', 'A', 'C', 'I', 'I', 'T', 'I', 'C', 'P', '<EOS>', '<PAD>', '<PAD>', '<PAD>']"
CP01051;CP01226,PCKNFFWKTFSSCK,PCKNFFWKTFSSCK,14,P C K N F F W K T F S S C K <EOS> <PAD> <PAD> <PAD> <PAD> <PAD> <PAD> <PAD> <PAD> <PAD> <PAD> <PAD> <PAD> <PAD> <PAD> <PAD> <PAD>,"['P', 'C', 'K', 'N', 'F', 'F', 'W', 'K', 'T', 'F', 'S', 'S', 'C', 'K', '<EOS>', '<PAD>', '<PAD>', '<PAD>', '<PAD>', '<PAD>', '<PAD>', '<PAD>', '<PAD>', '<PAD>', '<PAD>', '<PAD>', '<PAD>', '<PAD>', '<PAD>', '<PAD>', '<PAD>']"
CP05657,PFPCGESCVYIPCLTTAIGCSCKNKVCYHD,PFPCGESCVYIPCLTTAIGCSCKNKVCYHD,30,P F P C G E S C V Y I P C L T T A I G C S C K N K V C Y H D <EOS>,"['P', 'F', 'P', 'C', 'G', 'E', 'S', 'C', 'V', 'Y', 'I', 'P', 'C', 'L', 'T', 'T', 'A', 'I', 'G', 'C', 'S', 'C', 'K', 'N', 'K', 'V', 'C', 'Y', 'H', 'D', '<EOS>']"
CP05658,PFPCGESCVYIPCVTTLIGCSCKDKVCYHD,PFPCGESCVYIPCVTTLIGCSCKDKVCYHD,30,P F P C G E S C V Y I P C V T T L I G C S C K D K V C Y H D <EOS>,"['P', 'F', 'P', 'C', 'G', 'E', 'S', 'C', 'V', 'Y', 'I', 'P', 'C', 'V', 'T', 'T', 'L', 'I', 'G', 'C', 'S', 'C', 'K', 'D', 'K', 'V', 'C', 'Y', 'H', 'D', '<EOS>']"
CP07712,PGCCARLICCP,PGCCARLICCP,11,P G C C A R L I C C P <EOS> <PAD> <PAD> <PAD> <PAD> <PAD> <PAD> <PAD> <PAD> <PAD> <PAD> <PAD> <PAD> <PAD> <PAD> <PAD> <PAD> <PAD> <PAD> <PAD>,"['P', 'G', 'C', 'C', 'A', 'R', 'L', 'I', 'C', 'C', 'P', '<EOS>', '<PAD>', '<PAD>', '<PAD>', '<PAD>', '<PAD>', '<PAD>', '<PAD>', '<PAD>', '<PAD>', '<PAD>', '<PAD>', '<PAD>', '<PAD>', '<PAD>', '<PAD>', '<PAD>', '<PAD>', '<PAD>', '<PAD>']"
CP06887,PGCCNNPACGANRCG,PGCCNNPACGANRCG,15,P G C C N N P A C G A N R C G <EOS> <PAD> <PAD> <PAD> <PAD> <PAD> <PAD> <PAD> <PAD> <PAD> <PAD> <PAD> <PAD> <PAD> <PAD> <PAD>,"['P', 'G', 'C', 'C', 'N', 'N', 'P', 'A', 'C', 'G', 'A', 'N', 'R', 'C', 'G', '<EOS>', '<PAD>', '<PAD>', '<PAD>', '<PAD>', '<PAD>', '<PAD>', '<PAD>', '<PAD>', '<PAD>', '<PAD>', '<PAD>', '<PAD>', '<PAD>', '<PAD>', '<PAD>']"
CP04974,PICTKSIPPICTFSIP,PICTKSIPPICTFSIP,16,P I C T K S I P P I C T F S I P <EOS> <PAD> <PAD> <PAD> <PAD> <PAD> <PAD> <PAD> <PAD> <PAD> <PAD> <PAD> <PAD> <PAD> <PAD>,"['P', 'I', 'C', 'T', 'K', 'S', 'I', 'P', 'P', 'I', 'C', 'T', 'F', 'S', 'I', 'P', '<EOS>', '<PAD>', '<PAD>', '<PAD>', '<PAD>', '<PAD>', '<PAD>', '<PAD>', '<PAD>', '<PAD>', '<PAD>', '<PAD>', '<PAD>', '<PAD>', '<PAD>']"
CP05663,PLICGETCFTGTCYSAQIGCSCSWPVCMKN,PLICGETCFTGTCYSAQIGCSCSWPVCMKN,30,P L I C G E T C F T G T C Y S A Q I G C S C S W P V C M K N <EOS>,"['P', 'L', 'I', 'C', 'G', 'E', 'T', 'C', 'F', 'T', 'G', 'T', 'C', 'Y', 'S', 'A', 'Q', 'I', 'G', 'C', 'S', 'C', 'S', 'W', 'P', 'V', 'C', 'M', 'K', 'N', '<EOS>']"
CP06287,PPGCCNNPACVKHRCG,PPGCCNNPACVKHRCG,16,P P G C C N N P A C V K H R C G <EOS> <PAD> <PAD> <PAD> <PAD> <PAD> <PAD> <PAD> <PAD> <PAD> <PAD> <PAD> <PAD> <PAD> <PAD>,"['P', 'P', 'G', 'C', 'C', 'N', 'N', 'P', 'A', 'C', 'V', 'K', 'H', 'R', 'C', 'G', '<EOS>', '<PAD>', '<PAD>', '<PAD>', '<PAD>', '<PAD>', '<PAD>', '<PAD>', '<PAD>', '<PAD>', '<PAD>', '<PAD>', '<PAD>', '<PAD>', '<PAD>']"
CP01858,PPPLLGPPYYG,PPPLLGPPYYG,11,P P P L L G P P Y Y G <EOS> <PAD> <PAD> <PAD> <PAD> <PAD> <PAD> <PAD> <PAD> <PAD> <PAD> <PAD> <PAD> <PAD> <PAD> <PAD> <PAD> <PAD> <PAD> <PAD>,"['P', 'P', 'P', 'L', 'L', 'G', 'P', 'P', 'Y', 'Y', 'G', '<EOS>', '<PAD>', '<PAD>', '<PAD>', '<PAD>', '<PAD>', '<PAD>', '<PAD>', '<PAD>', '<PAD>', '<PAD>', '<PAD>', '<PAD>', '<PAD>', '<PAD>', '<PAD>', '<PAD>', '<PAD>', '<PAD>', '<PAD>']"
CP02312,PPYYGPPPLLG,PPYYGPPPLLG,11,P P Y Y G P P P L L G <EOS> <PAD> <PAD> <PAD> <PAD> <PAD> <PAD> <PAD> <PAD> <PAD> <PAD> <PAD> <PAD> <PAD> <PAD> <PAD> <PAD> <PAD> <PAD> <PAD>,"['P', 'P', 'Y', 'Y', 'G', 'P', 'P', 'P', 'L', 'L', 'G', '<EOS>', '<PAD>', '<PAD>', '<PAD>', '<PAD>', '<PAD>', '<PAD>', '<PAD>', '<PAD>', '<PAD>', '<PAD>', '<PAD>', '<PAD>', '<PAD>', '<PAD>', '<PAD>', '<PAD>', '<PAD>', '<PAD>', '<PAD>']"
CP00233,PPYYTPAGPTQY,PPYYTPAGPTQY,12,P P Y Y T P A G P T Q Y <EOS> <PAD> <PAD> <PAD> <PAD> <PAD> <PAD> <PAD> <PAD> <PAD> <PAD> <PAD> <PAD> <PAD> <PAD> <PAD> <PAD> <PAD> <PAD>,"['P', 'P', 'Y', 'Y', 'T', 'P', 'A', 'G', 'P', 'T', 'Q', 'Y', '<EOS>', '<PAD>', '<PAD>', '<PAD>', '<PAD>', '<PAD>', '<PAD>', '<PAD>', '<PAD>', '<PAD>', '<PAD>', '<PAD>', '<PAD>', '<PAD>', '<PAD>', '<PAD>', '<PAD>', '<PAD>', '<PAD>']"
CP06265,PQCCSHPACNVDHPEICD,PQCCSHPACNVDHPEICD,18,P Q C C S H P A C N V D H P E I C D <EOS> <PAD> <PAD> <PAD> <PAD> <PAD> <PAD> <PAD> <PAD> <PAD> <PAD> <PAD> <PAD>,"['P', 'Q', 'C', 'C', 'S', 'H', 'P', 'A', 'C', 'N', 'V', 'D', 'H', 'P', 'E', 'I', 'C', 'D', '<EOS>', '<PAD>', '<PAD>', '<PAD>', '<PAD>', '<PAD>', '<PAD>', '<PAD>', '<PAD>', '<PAD>', '<PAD>', '<PAD>', '<PAD>']"
CP06367,PRCCSNPACGAGHPEICA,PRCCSNPACGAGHPEICA,18,P R C C S N P A C G A G H P E I C A <EOS> <PAD> <PAD> <PAD> <PAD> <PAD> <PAD> <PAD> <PAD> <PAD> <PAD> <PAD> <PAD>,"['P', 'R', 'C', 'C', 'S', 'N', 'P', 'A', 'C', 'G', 'A', 'G', 'H', 'P', 'E', 'I', 'C', 'A', '<EOS>', '<PAD>', '<PAD>', '<PAD>', '<PAD>', '<PAD>', '<PAD>', '<PAD>', '<PAD>', '<PAD>', '<PAD>', '<PAD>', '<PAD>']"
CP03224,PRGGKGFFCKLFKDC,PRGGKGFFCKLFKDC,15,P R G G K G F F C K L F K D C <EOS> <PAD> <PAD> <PAD> <PAD> <PAD> <PAD> <PAD> <PAD> <PAD> <PAD> <PAD> <PAD> <PAD> <PAD> <PAD>,"['P', 'R', 'G', 'G', 'K', 'G', 'F', 'F', 'C', 'K', 'L', 'F', 'K', 'D', 'C', '<EOS>', '<PAD>', '<PAD>', '<PAD>', '<PAD>', '<PAD>', '<PAD>', '<PAD>', '<PAD>', '<PAD>', '<PAD>', '<PAD>', '<PAD>', '<PAD>', '<PAD>', '<PAD>']"
CP01784,PTQYPPYYTPAG,PTQYPPYYTPAG,12,P T Q Y P P Y Y T P A G <EOS> <PAD> <PAD> <PAD> <PAD> <PAD> <PAD> <PAD> <PAD> <PAD> <PAD> <PAD> <PAD> <PAD> <PAD> <PAD> <PAD> <PAD> <PAD>,"['P', 'T', 'Q', 'Y', 'P', 'P', 'Y', 'Y', 'T', 'P', 'A', 'G', '<EOS>', '<PAD>', '<PAD>', '<PAD>', '<PAD>', '<PAD>', '<PAD>', '<PAD>', '<PAD>', '<PAD>', '<PAD>', '<PAD>', '<PAD>', '<PAD>', '<PAD>', '<PAD>', '<PAD>', '<PAD>', '<PAD>']"
CP07264,QCCDRNSCEYPKCLCCN,QCCDRNSCEYPKCLCCN,17,Q C C D R N S C E Y P K C L C C N <EOS> <PAD> <PAD> <PAD> <PAD> <PAD> <PAD> <PAD> <PAD> <PAD> <PAD> <PAD> <PAD> <PAD>,"['Q', 'C', 'C', 'D', 'R', 'N', 'S', 'C', 'E', 'Y', 'P', 'K', 'C', 'L', 'C', 'C', 'N', '<EOS>', '<PAD>', '<PAD>', '<PAD>', '<PAD>', '<PAD>', '<PAD>', '<PAD>', '<PAD>', '<PAD>', '<PAD>', '<PAD>', '<PAD>', '<PAD>']"
CP08975;CP08976;CP08990,QCCDWPWCDDCICCD,QCCDWPWCDDCICCD,15,Q C C D W P W C D D C I C C D <EOS> <PAD> <PAD> <PAD> <PAD> <PAD> <PAD> <PAD> <PAD> <PAD> <PAD> <PAD> <PAD> <PAD> <PAD> <PAD>,"['Q', 'C', 'C', 'D', 'W', 'P', 'W', 'C', 'D', 'D', 'C', 'I', 'C', 'C', 'D', '<EOS>', '<PAD>', '<PAD>', '<PAD>', '<PAD>', '<PAD>', '<PAD>', '<PAD>', '<PAD>', '<PAD>', '<PAD>', '<PAD>', '<PAD>', '<PAD>', '<PAD>', '<PAD>']"
CP06383,QCCDWQWCDGACDCCA,QCCDWQWCDGACDCCA,16,Q C C D W Q W C D G A C D C C A <EOS> <PAD> <PAD> <PAD> <PAD> <PAD> <PAD> <PAD> <PAD> <PAD> <PAD> <PAD> <PAD> <PAD> <PAD>,"['Q', 'C', 'C', 'D', 'W', 'Q', 'W', 'C', 'D', 'G', 'A', 'C', 'D', 'C', 'C', 'A', '<EOS>', '<PAD>', '<PAD>', '<PAD>', '<PAD>', '<PAD>', '<PAD>', '<PAD>', '<PAD>', '<PAD>', '<PAD>', '<PAD>', '<PAD>', '<PAD>', '<PAD>']"
CP08993;CP08994;CP08999,QCCGWEWCDDICGCCE,QCCGWEWCDDICGCCE,16,Q C C G W E W C D D I C G C C E <EOS> <PAD> <PAD> <PAD> <PAD> <PAD> <PAD> <PAD> <PAD> <PAD> <PAD> <PAD> <PAD> <PAD> <PAD>,"['Q', 'C', 'C', 'G', 'W', 'E', 'W', 'C', 'D', 'D', 'I', 'C', 'G', 'C', 'C', 'E', '<EOS>', '<PAD>', '<PAD>', '<PAD>', '<PAD>', '<PAD>', '<PAD>', '<PAD>', '<PAD>', '<PAD>', '<PAD>', '<PAD>', '<PAD>', '<PAD>', '<PAD>']"
CP07849,QCCRNPKCSQQGCP,QCCRNPKCSQQGCP,14,Q C C R N P K C S Q Q G C P <EOS> <PAD> <PAD> <PAD> <PAD> <PAD> <PAD> <PAD> <PAD> <PAD> <PAD> <PAD> <PAD> <PAD> <PAD> <PAD> <PAD>,"['Q', 'C', 'C', 'R', 'N', 'P', 'K', 'C', 'S', 'Q', 'Q', 'G', 'C', 'P', '<EOS>', '<PAD>', '<PAD>', '<PAD>', '<PAD>', '<PAD>', '<PAD>', '<PAD>', '<PAD>', '<PAD>', '<PAD>', '<PAD>', '<PAD>', '<PAD>', '<PAD>', '<PAD>', '<PAD>']"
CP06526,QCCRPANMSCCQ,QCCRPANMSCCQ,12,Q C C R P A N M S C C Q <EOS> <PAD> <PAD> <PAD> <PAD> <PAD> <PAD> <PAD> <PAD> <PAD> <PAD> <PAD> <PAD> <PAD> <PAD> <PAD> <PAD> <PAD> <PAD>,"['Q', 'C', 'C', 'R', 'P', 'A', 'N', 'M', 'S', 'C', 'C', 'Q', '<EOS>', '<PAD>', '<PAD>', '<PAD>', '<PAD>', '<PAD>', '<PAD>', '<PAD>', '<PAD>', '<PAD>', '<PAD>', '<PAD>', '<PAD>', '<PAD>', '<PAD>', '<PAD>', '<PAD>', '<PAD>', '<PAD>']"
CP06374,QCCTGSCLNCWPCC,QCCTGSCLNCWPCC,14,Q C C T G S C L N C W P C C <EOS> <PAD> <PAD> <PAD> <PAD> <PAD> <PAD> <PAD> <PAD> <PAD> <PAD> <PAD> <PAD> <PAD> <PAD> <PAD> <PAD>,"['Q', 'C', 'C', 'T', 'G', 'S', 'C', 'L', 'N', 'C', 'W', 'P', 'C', 'C', '<EOS>', '<PAD>', '<PAD>', '<PAD>', '<PAD>', '<PAD>', '<PAD>', '<PAD>', '<PAD>', '<PAD>', '<PAD>', '<PAD>', '<PAD>', '<PAD>', '<PAD>', '<PAD>', '<PAD>']"
CP06213,QCCWYFDISCCITV,QCCWYFDISCCITV,14,Q C C W Y F D I S C C I T V <EOS> <PAD> <PAD> <PAD> <PAD> <PAD> <PAD> <PAD> <PAD> <PAD> <PAD> <PAD> <PAD> <PAD> <PAD> <PAD> <PAD>,"['Q', 'C', 'C', 'W', 'Y', 'F', 'D', 'I', 'S', 'C', 'C', 'I', 'T', 'V', '<EOS>', '<PAD>', '<PAD>', '<PAD>', '<PAD>', '<PAD>', '<PAD>', '<PAD>', '<PAD>', '<PAD>', '<PAD>', '<PAD>', '<PAD>', '<PAD>', '<PAD>', '<PAD>', '<PAD>']"
CP06391,QCCWYFDISCCLWP,QCCWYFDISCCLWP,14,Q C C W Y F D I S C C L W P <EOS> <PAD> <PAD> <PAD> <PAD> <PAD> <PAD> <PAD> <PAD> <PAD> <PAD> <PAD> <PAD> <PAD> <PAD> <PAD> <PAD>,"['Q', 'C', 'C', 'W', 'Y', 'F', 'D', 'I', 'S', 'C', 'C', 'L', 'W', 'P', '<EOS>', '<PAD>', '<PAD>', '<PAD>', '<PAD>', '<PAD>', '<PAD>', '<PAD>', '<PAD>', '<PAD>', '<PAD>', '<PAD>', '<PAD>', '<PAD>', '<PAD>', '<PAD>', '<PAD>']"
CP08176,QCGKHCPTCRHC,QCGKHCPTCRHC,12,Q C G K H C P T C R H C <EOS> <PAD> <PAD> <PAD> <PAD> <PAD> <PAD> <PAD> <PAD> <PAD> <PAD> <PAD> <PAD> <PAD> <PAD> <PAD> <PAD> <PAD> <PAD>,"['Q', 'C', 'G', 'K', 'H', 'C', 'P', 'T', 'C', 'R', 'H', 'C', '<EOS>', '<PAD>', '<PAD>', '<PAD>', '<PAD>', '<PAD>', '<PAD>', '<PAD>', '<PAD>', '<PAD>', '<PAD>', '<PAD>', '<PAD>', '<PAD>', '<PAD>', '<PAD>', '<PAD>', '<PAD>', '<PAD>']"
CP06439,QCLPPLHWCNMVDDECCHFCVLLACV,QCLPPLHWCNMVDDECCHFCVLLACV,26,Q C L P P L H W C N M V D D E C C H F C V L L A C V <EOS> <PAD> <PAD> <PAD> <PAD>,"['Q', 'C', 'L', 'P', 'P', 'L', 'H', 'W', 'C', 'N', 'M', 'V', 'D', 'D', 'E', 'C', 'C', 'H', 'F', 'C', 'V', 'L', 'L', 'A', 'C', 'V', '<EOS>', '<PAD>', '<PAD>', '<PAD>', '<PAD>']"
CP06440,QCLPPLSLCNMADDDCCNDCVLFLCSYY,QCLPPLSLCNMADDDCCNDCVLFLCSYY,28,Q C L P P L S L C N M A D D D C C N D C V L F L C S Y Y <EOS> <PAD> <PAD>,"['Q', 'C', 'L', 'P', 'P', 'L', 'S', 'L', 'C', 'N', 'M', 'A', 'D', 'D', 'D', 'C', 'C', 'N', 'D', 'C', 'V', 'L', 'F', 'L', 'C', 'S', 'Y', 'Y', '<EOS>', '<PAD>', '<PAD>']"
CP06437,QCLPPLSLCTMDDDECCDDCILFLCLVTS,QCLPPLSLCTMDDDECCDDCILFLCLVTS,29,Q C L P P L S L C T M D D D E C C D D C I L F L C L V T S <EOS> <PAD>,"['Q', 'C', 'L', 'P', 'P', 'L', 'S', 'L', 'C', 'T', 'M', 'D', 'D', 'D', 'E', 'C', 'C', 'D', 'D', 'C', 'I', 'L', 'F', 'L', 'C', 'L', 'V', 'T', 'S', '<EOS>', '<PAD>']"
CP08235,QCLPQYHPCIIGNEECCPHLECKCLPKP,QCLPQYHPCIIGNEECCPHLECKCLPKP,28,Q C L P Q Y H P C I I G N E E C C P H L E C K C L P K P <EOS> <PAD> <PAD>,"['Q', 'C', 'L', 'P', 'Q', 'Y', 'H', 'P', 'C', 'I', 'I', 'G', 'N', 'E', 'E', 'C', 'C', 'P', 'H', 'L', 'E', 'C', 'K', 'C', 'L', 'P', 'K', 'P', '<EOS>', '<PAD>', '<PAD>']"
CP09184;CP09190,QCPAPCYPNCEEC,QCPAPCYPNCEEC,13,Q C P A P C Y P N C E E C <EOS> <PAD> <PAD> <PAD> <PAD> <PAD> <PAD> <PAD> <PAD> <PAD> <PAD> <PAD> <PAD> <PAD> <PAD> <PAD> <PAD> <PAD>,"['Q', 'C', 'P', 'A', 'P', 'C', 'Y', 'P', 'N', 'C', 'E', 'E', 'C', '<EOS>', '<PAD>', '<PAD>', '<PAD>', '<PAD>', '<PAD>', '<PAD>', '<PAD>', '<PAD>', '<PAD>', '<PAD>', '<PAD>', '<PAD>', '<PAD>', '<PAD>', '<PAD>', '<PAD>', '<PAD>']"
CP07514,QCPPTCPSCDDC,QCPPTCPSCDDC,12,Q C P P T C P S C D D C <EOS> <PAD> <PAD> <PAD> <PAD> <PAD> <PAD> <PAD> <PAD> <PAD> <PAD> <PAD> <PAD> <PAD> <PAD> <PAD> <PAD> <PAD> <PAD>,"['Q', 'C', 'P', 'P', 'T', 'C', 'P', 'S', 'C', 'D', 'D', 'C', '<EOS>', '<PAD>', '<PAD>', '<PAD>', '<PAD>', '<PAD>', '<PAD>', '<PAD>', '<PAD>', '<PAD>', '<PAD>', '<PAD>', '<PAD>', '<PAD>', '<PAD>', '<PAD>', '<PAD>', '<PAD>', '<PAD>']"
CP06965,QCPPWCSGEPCRKGTC,QCPPWCSGEPCRKGTC,16,Q C P P W C S G E P C R K G T C <EOS> <PAD> <PAD> <PAD> <PAD> <PAD> <PAD> <PAD> <PAD> <PAD> <PAD> <PAD> <PAD> <PAD> <PAD>,"['Q', 'C', 'P', 'P', 'W', 'C', 'S', 'G', 'E', 'P', 'C', 'R', 'K', 'G', 'T', 'C', '<EOS>', '<PAD>', '<PAD>', '<PAD>', '<PAD>', '<PAD>', '<PAD>', '<PAD>', '<PAD>', '<PAD>', '<PAD>', '<PAD>', '<PAD>', '<PAD>', '<PAD>']"
CP09134;CP09205,QCPYCVVHCCPPSYCQASGCRPP,QCPYCVVHCCPPSYCQASGCRPP,23,Q C P Y C V V H C C P P S Y C Q A S G C R P P <EOS> <PAD> <PAD> <PAD> <PAD> <PAD> <PAD> <PAD>,"['Q', 'C', 'P', 'Y', 'C', 'V', 'V', 'H', 'C', 'C', 'P', 'P', 'S', 'Y', 'C', 'Q', 'A', 'S', 'G', 'C', 'R', 'P', 'P', '<EOS>', '<PAD>', '<PAD>', '<PAD>', '<PAD>', '<PAD>', '<PAD>', '<PAD>']"
CP03670,QCRRLCYKQRCVTYCRGR,QCRRLCYKQRCVTYCRGR,18,Q C R R L C Y K Q R C V T Y C R G R <EOS> <PAD> <PAD> <PAD> <PAD> <PAD> <PAD> <PAD> <PAD> <PAD> <PAD> <PAD> <PAD>,"['Q', 'C', 'R', 'R', 'L', 'C', 'Y', 'K', 'Q', 'R', 'C', 'V', 'T', 'Y', 'C', 'R', 'G', 'R', '<EOS>', '<PAD>', '<PAD>', '<PAD>', '<PAD>', '<PAD>', '<PAD>', '<PAD>', '<PAD>', '<PAD>', '<PAD>', '<PAD>', '<PAD>']"
CP06151,QCRVEGEICGMLFEAQCCDGWCFFVCM,QCRVEGEICGMLFEAQCCDGWCFFVCM,27,Q C R V E G E I C G M L F E A Q C C D G W C F F V C M <EOS> <PAD> <PAD> <PAD>,"['Q', 'C', 'R', 'V', 'E', 'G', 'E', 'I', 'C', 'G', 'M', 'L', 'F', 'E', 'A', 'Q', 'C', 'C', 'D', 'G', 'W', 'C', 'F', 'F', 'V', 'C', 'M', '<EOS>', '<PAD>', '<PAD>', '<PAD>']"
CP09185;CP09191,QCSPNGGYCTLHIHCCSNHCIKPIGRCVA,QCSPNGGYCTLHIHCCSNHCIKPIGRCVA,29,Q C S P N G G Y C T L H I H C C S N H C I K P I G R C V A <EOS> <PAD>,"['Q', 'C', 'S', 'P', 'N', 'G', 'G', 'Y', 'C', 'T', 'L', 'H', 'I', 'H', 'C', 'C', 'S', 'N', 'H', 'C', 'I', 'K', 'P', 'I', 'G', 'R', 'C', 'V', 'A', '<EOS>', '<PAD>']"
CP06478,QCTPHGGSCGLVSTCCGRCSVPRNKCE,QCTPHGGSCGLVSTCCGRCSVPRNKCE,27,Q C T P H G G S C G L V S T C C G R C S V P R N K C E <EOS> <PAD> <PAD> <PAD>,"['Q', 'C', 'T', 'P', 'H', 'G', 'G', 'S', 'C', 'G', 'L', 'V', 'S', 'T', 'C', 'C', 'G', 'R', 'C', 'S', 'V', 'P', 'R', 'N', 'K', 'C', 'E', '<EOS>', '<PAD>', '<PAD>', '<PAD>']"
CP06447,QCTPVGGYCFDHHHCCSNHCIKSIGRCVAH,QCTPVGGYCFDHHHCCSNHCIKSIGRCVAH,30,Q C T P V G G Y C F D H H H C C S N H C I K S I G R C V A H <EOS>,"['Q', 'C', 'T', 'P', 'V', 'G', 'G', 'Y', 'C', 'F', 'D', 'H', 'H', 'H', 'C', 'C', 'S', 'N', 'H', 'C', 'I', 'K', 'S', 'I', 'G', 'R', 'C', 'V', 'A', 'H', '<EOS>']"
CP06448,QCTPVGGYCSRHYHCCSNHCIKSIGRCVAH,QCTPVGGYCSRHYHCCSNHCIKSIGRCVAH,30,Q C T P V G G Y C S R H Y H C C S N H C I K S I G R C V A H <EOS>,"['Q', 'C', 'T', 'P', 'V', 'G', 'G', 'Y', 'C', 'S', 'R', 'H', 'Y', 'H', 'C', 'C', 'S', 'N', 'H', 'C', 'I', 'K', 'S', 'I', 'G', 'R', 'C', 'V', 'A', 'H', '<EOS>']"
CP06424,QDCAAGGQFCGFPKIGGPCCSGWCLGVCA,QDCAAGGQFCGFPKIGGPCCSGWCLGVCA,29,Q D C A A G G Q F C G F P K I G G P C C S G W C L G V C A <EOS> <PAD>,"['Q', 'D', 'C', 'A', 'A', 'G', 'G', 'Q', 'F', 'C', 'G', 'F', 'P', 'K', 'I', 'G', 'G', 'P', 'C', 'C', 'S', 'G', 'W', 'C', 'L', 'G', 'V', 'C', 'A', '<EOS>', '<PAD>']"
CP07522,QDECEIGSWCQFCTALWC,QDECEIGSWCQFCTALWC,18,Q D E C E I G S W C Q F C T A L W C <EOS> <PAD> <PAD> <PAD> <PAD> <PAD> <PAD> <PAD> <PAD> <PAD> <PAD> <PAD> <PAD>,"['Q', 'D', 'E', 'C', 'E', 'I', 'G', 'S', 'W', 'C', 'Q', 'F', 'C', 'T', 'A', 'L', 'W', 'C', '<EOS>', '<PAD>', '<PAD>', '<PAD>', '<PAD>', '<PAD>', '<PAD>', '<PAD>', '<PAD>', '<PAD>', '<PAD>', '<PAD>', '<PAD>']"
CP07519,QDECRIGLWCLVRIFN,QDECRIGLWCLVRIFN,16,Q D E C R I G L W C L V R I F N <EOS> <PAD> <PAD> <PAD> <PAD> <PAD> <PAD> <PAD> <PAD> <PAD> <PAD> <PAD> <PAD> <PAD> <PAD>,"['Q', 'D', 'E', 'C', 'R', 'I', 'G', 'L', 'W', 'C', 'L', 'V', 'R', 'I', 'F', 'N', '<EOS>', '<PAD>', '<PAD>', '<PAD>', '<PAD>', '<PAD>', '<PAD>', '<PAD>', '<PAD>', '<PAD>', '<PAD>', '<PAD>', '<PAD>', '<PAD>', '<PAD>']"
CP08760,QGCCPPGVCQMAACNPPPCCP,QGCCPPGVCQMAACNPPPCCP,21,Q G C C P P G V C Q M A A C N P P P C C P <EOS> <PAD> <PAD> <PAD> <PAD> <PAD> <PAD> <PAD> <PAD> <PAD>,"['Q', 'G', 'C', 'C', 'P', 'P', 'G', 'V', 'C', 'Q', 'M', 'A', 'A', 'C', 'N', 'P', 'P', 'P', 'C', 'C', 'P', '<EOS>', '<PAD>', '<PAD>', '<PAD>', '<PAD>', '<PAD>', '<PAD>', '<PAD>', '<PAD>', '<PAD>']"
CP08248,QGCCSDPACAVSNPDICSG,QGCCSDPACAVSNPDICSG,19,Q G C C S D P A C A V S N P D I C S G <EOS> <PAD> <PAD> <PAD> <PAD> <PAD> <PAD> <PAD> <PAD> <PAD> <PAD> <PAD>,"['Q', 'G', 'C', 'C', 'S', 'D', 'P', 'A', 'C', 'A', 'V', 'S', 'N', 'P', 'D', 'I', 'C', 'S', 'G', '<EOS>', '<PAD>', '<PAD>', '<PAD>', '<PAD>', '<PAD>', '<PAD>', '<PAD>', '<PAD>', '<PAD>', '<PAD>', '<PAD>']"
CP07384,QGCCSYPACAVSNPDICGG,QGCCSYPACAVSNPDICGG,19,Q G C C S Y P A C A V S N P D I C G G <EOS> <PAD> <PAD> <PAD> <PAD> <PAD> <PAD> <PAD> <PAD> <PAD> <PAD> <PAD>,"['Q', 'G', 'C', 'C', 'S', 'Y', 'P', 'A', 'C', 'A', 'V', 'S', 'N', 'P', 'D', 'I', 'C', 'G', 'G', '<EOS>', '<PAD>', '<PAD>', '<PAD>', '<PAD>', '<PAD>', '<PAD>', '<PAD>', '<PAD>', '<PAD>', '<PAD>', '<PAD>']"
CP06295,QGWCCKENIACCI,QGWCCKENIACCI,13,Q G W C C K E N I A C C I <EOS> <PAD> <PAD> <PAD> <PAD> <PAD> <PAD> <PAD> <PAD> <PAD> <PAD> <PAD> <PAD> <PAD> <PAD> <PAD> <PAD> <PAD>,"['Q', 'G', 'W', 'C', 'C', 'K', 'E', 'N', 'I', 'A', 'C', 'C', 'I', '<EOS>', '<PAD>', '<PAD>', '<PAD>', '<PAD>', '<PAD>', '<PAD>', '<PAD>', '<PAD>', '<PAD>', '<PAD>', '<PAD>', '<PAD>', '<PAD>', '<PAD>', '<PAD>', '<PAD>', '<PAD>']"
CP07219,QHGKISSEQHTMFDPIEGCCQQSCTTCFPC,QHGKISSEQHTMFDPIEGCCQQSCTTCFPC,30,Q H G K I S S E Q H T M F D P I E G C C Q Q S C T T C F P C <EOS>,"['Q', 'H', 'G', 'K', 'I', 'S', 'S', 'E', 'Q', 'H', 'T', 'M', 'F', 'D', 'P', 'I', 'E', 'G', 'C', 'C', 'Q', 'Q', 'S', 'C', 'T', 'T', 'C', 'F', 'P', 'C', '<EOS>']"
CP06041,QICCGYGDCGFVPNVCV,QICCGYGDCGFVPNVCV,17,Q I C C G Y G D C G F V P N V C V <EOS> <PAD> <PAD> <PAD> <PAD> <PAD> <PAD> <PAD> <PAD> <PAD> <PAD> <PAD> <PAD> <PAD>,"['Q', 'I', 'C', 'C', 'G', 'Y', 'G', 'D', 'C', 'G', 'F', 'V', 'P', 'N', 'V', 'C', 'V', '<EOS>', '<PAD>', '<PAD>', '<PAD>', '<PAD>', '<PAD>', '<PAD>', '<PAD>', '<PAD>', '<PAD>', '<PAD>', '<PAD>', '<PAD>', '<PAD>']"
CP06602,QIDRDPCCSYPDCGANHPEICGGKR,QIDRDPCCSYPDCGANHPEICGGKR,25,Q I D R D P C C S Y P D C G A N H P E I C G G K R <EOS> <PAD> <PAD> <PAD> <PAD> <PAD>,"['Q', 'I', 'D', 'R', 'D', 'P', 'C', 'C', 'S', 'Y', 'P', 'D', 'C', 'G', 'A', 'N', 'H', 'P', 'E', 'I', 'C', 'G', 'G', 'K', 'R', '<EOS>', '<PAD>', '<PAD>', '<PAD>', '<PAD>', '<PAD>']"
CP08679,QIKTKNLCPHCPDGCHMDLTCID,QIKTKNLCPHCPDGCHMDLTCID,23,Q I K T K N L C P H C P D G C H M D L T C I D <EOS> <PAD> <PAD> <PAD> <PAD> <PAD> <PAD> <PAD>,"['Q', 'I', 'K', 'T', 'K', 'N', 'L', 'C', 'P', 'H', 'C', 'P', 'D', 'G', 'C', 'H', 'M', 'D', 'L', 'T', 'C', 'I', 'D', '<EOS>', '<PAD>', '<PAD>', '<PAD>', '<PAD>', '<PAD>', '<PAD>', '<PAD>']"
CP09033;CP09096,QINCCPWPCPDSCHYQCCH,QINCCPWPCPDSCHYQCCH,19,Q I N C C P W P C P D S C H Y Q C C H <EOS> <PAD> <PAD> <PAD> <PAD> <PAD> <PAD> <PAD> <PAD> <PAD> <PAD> <PAD>,"['Q', 'I', 'N', 'C', 'C', 'P', 'W', 'P', 'C', 'P', 'D', 'S', 'C', 'H', 'Y', 'Q', 'C', 'C', 'H', '<EOS>', '<PAD>', '<PAD>', '<PAD>', '<PAD>', '<PAD>', '<PAD>', '<PAD>', '<PAD>', '<PAD>', '<PAD>', '<PAD>']"
CP07330,QKCCGEGSSCPKYFKNNFICGCC,QKCCGEGSSCPKYFKNNFICGCC,23,Q K C C G E G S S C P K Y F K N N F I C G C C <EOS> <PAD> <PAD> <PAD> <PAD> <PAD> <PAD> <PAD>,"['Q', 'K', 'C', 'C', 'G', 'E', 'G', 'S', 'S', 'C', 'P', 'K', 'Y', 'F', 'K', 'N', 'N', 'F', 'I', 'C', 'G', 'C', 'C', '<EOS>', '<PAD>', '<PAD>', '<PAD>', '<PAD>', '<PAD>', '<PAD>', '<PAD>']"
CP07398,QKCCGKGMTCPRYFRDNFICGCC,QKCCGKGMTCPRYFRDNFICGCC,23,Q K C C G K G M T C P R Y F R D N F I C G C C <EOS> <PAD> <PAD> <PAD> <PAD> <PAD> <PAD> <PAD>,"['Q', 'K', 'C', 'C', 'G', 'K', 'G', 'M', 'T', 'C', 'P', 'R', 'Y', 'F', 'R', 'D', 'N', 'F', 'I', 'C', 'G', 'C', 'C', '<EOS>', '<PAD>', '<PAD>', '<PAD>', '<PAD>', '<PAD>', '<PAD>', '<PAD>']"
CP06921,QKDLVVTATTTCCGYNPMTMCPPCMCTNTC,QKDLVVTATTTCCGYNPMTMCPPCMCTNTC,30,Q K D L V V T A T T T C C G Y N P M T M C P P C M C T N T C <EOS>,"['Q', 'K', 'D', 'L', 'V', 'V', 'T', 'A', 'T', 'T', 'T', 'C', 'C', 'G', 'Y', 'N', 'P', 'M', 'T', 'M', 'C', 'P', 'P', 'C', 'M', 'C', 'T', 'N', 'T', 'C', '<EOS>']"
CP03418,QLPFVAGVACEMCQCVYCSKKC,QLPFVAGVACEMCQCVYCSKKC,22,Q L P F V A G V A C E M C Q C V Y C S K K C <EOS> <PAD> <PAD> <PAD> <PAD> <PAD> <PAD> <PAD> <PAD>,"['Q', 'L', 'P', 'F', 'V', 'A', 'G', 'V', 'A', 'C', 'E', 'M', 'C', 'Q', 'C', 'V', 'Y', 'C', 'S', 'K', 'K', 'C', '<EOS>', '<PAD>', '<PAD>', '<PAD>', '<PAD>', '<PAD>', '<PAD>', '<PAD>', '<PAD>']"
CP03185,QLPICGETCVLGGCYTPNCRCQYPICVR,QLPICGETCVLGGCYTPNCRCQYPICVR,28,Q L P I C G E T C V L G G C Y T P N C R C Q Y P I C V R <EOS> <PAD> <PAD>,"['Q', 'L', 'P', 'I', 'C', 'G', 'E', 'T', 'C', 'V', 'L', 'G', 'G', 'C', 'Y', 'T', 'P', 'N', 'C', 'R', 'C', 'Q', 'Y', 'P', 'I', 'C', 'V', 'R', '<EOS>', '<PAD>', '<PAD>']"
CP07461,QMLRTNAAAQAGNCAASGMMGGKENDLR,QMLRTNAAAQAGNCAASGMMGGKENDLR,28,Q M L R T N A A A Q A G N C A A S G M M G G K E N D L R <EOS> <PAD> <PAD>,"['Q', 'M', 'L', 'R', 'T', 'N', 'A', 'A', 'A', 'Q', 'A', 'G', 'N', 'C', 'A', 'A', 'S', 'G', 'M', 'M', 'G', 'G', 'K', 'E', 'N', 'D', 'L', 'R', '<EOS>', '<PAD>', '<PAD>']"
CP07775,QPCCSIHDISCCGL,QPCCSIHDISCCGL,14,Q P C C S I H D I S C C G L <EOS> <PAD> <PAD> <PAD> <PAD> <PAD> <PAD> <PAD> <PAD> <PAD> <PAD> <PAD> <PAD> <PAD> <PAD> <PAD> <PAD>,"['Q', 'P', 'C', 'C', 'S', 'I', 'H', 'D', 'I', 'S', 'C', 'C', 'G', 'L', '<EOS>', '<PAD>', '<PAD>', '<PAD>', '<PAD>', '<PAD>', '<PAD>', '<PAD>', '<PAD>', '<PAD>', '<PAD>', '<PAD>', '<PAD>', '<PAD>', '<PAD>', '<PAD>', '<PAD>']"
CP08200,QPGCRWWSRWC,QPGCRWWSRWC,11,Q P G C R W W S R W C <EOS> <PAD> <PAD> <PAD> <PAD> <PAD> <PAD> <PAD> <PAD> <PAD> <PAD> <PAD> <PAD> <PAD> <PAD> <PAD> <PAD> <PAD> <PAD> <PAD>,"['Q', 'P', 'G', 'C', 'R', 'W', 'W', 'S', 'R', 'W', 'C', '<EOS>', '<PAD>', '<PAD>', '<PAD>', '<PAD>', '<PAD>', '<PAD>', '<PAD>', '<PAD>', '<PAD>', '<PAD>', '<PAD>', '<PAD>', '<PAD>', '<PAD>', '<PAD>', '<PAD>', '<PAD>', '<PAD>', '<PAD>']"
CP07517,QPPCPWQPSWC,QPPCPWQPSWC,11,Q P P C P W Q P S W C <EOS> <PAD> <PAD> <PAD> <PAD> <PAD> <PAD> <PAD> <PAD> <PAD> <PAD> <PAD> <PAD> <PAD> <PAD> <PAD> <PAD> <PAD> <PAD> <PAD>,"['Q', 'P', 'P', 'C', 'P', 'W', 'Q', 'P', 'S', 'W', 'C', '<EOS>', '<PAD>', '<PAD>', '<PAD>', '<PAD>', '<PAD>', '<PAD>', '<PAD>', '<PAD>', '<PAD>', '<PAD>', '<PAD>', '<PAD>', '<PAD>', '<PAD>', '<PAD>', '<PAD>', '<PAD>', '<PAD>', '<PAD>']"
CP07795,QPRFESCQQDSDCDFQFFCWNNECHRIILI,QPRFESCQQDSDCDFQFFCWNNECHRIILI,30,Q P R F E S C Q Q D S D C D F Q F F C W N N E C H R I I L I <EOS>,"['Q', 'P', 'R', 'F', 'E', 'S', 'C', 'Q', 'Q', 'D', 'S', 'D', 'C', 'D', 'F', 'Q', 'F', 'F', 'C', 'W', 'N', 'N', 'E', 'C', 'H', 'R', 'I', 'I', 'L', 'I', '<EOS>']"
CP08884;CP09039,QQCCPPVACNMGCEPCC,QQCCPPVACNMGCEPCC,17,Q Q C C P P V A C N M G C E P C C <EOS> <PAD> <PAD> <PAD> <PAD> <PAD> <PAD> <PAD> <PAD> <PAD> <PAD> <PAD> <PAD> <PAD>,"['Q', 'Q', 'C', 'C', 'P', 'P', 'V', 'A', 'C', 'N', 'M', 'G', 'C', 'E', 'P', 'C', 'C', '<EOS>', '<PAD>', '<PAD>', '<PAD>', '<PAD>', '<PAD>', '<PAD>', '<PAD>', '<PAD>', '<PAD>', '<PAD>', '<PAD>', '<PAD>', '<PAD>']"
CP08437,QRCCTGKKGSCSGKACKSLKCCAG,QRCCTGKKGSCSGKACKSLKCCAG,24,Q R C C T G K K G S C S G K A C K S L K C C A G <EOS> <PAD> <PAD> <PAD> <PAD> <PAD> <PAD>,"['Q', 'R', 'C', 'C', 'T', 'G', 'K', 'K', 'G', 'S', 'C', 'S', 'G', 'K', 'A', 'C', 'K', 'S', 'L', 'K', 'C', 'C', 'A', 'G', '<EOS>', '<PAD>', '<PAD>', '<PAD>', '<PAD>', '<PAD>', '<PAD>']"
CP07374,QSCCAAPSCFMLC,QSCCAAPSCFMLC,13,Q S C C A A P S C F M L C <EOS> <PAD> <PAD> <PAD> <PAD> <PAD> <PAD> <PAD> <PAD> <PAD> <PAD> <PAD> <PAD> <PAD> <PAD> <PAD> <PAD> <PAD>,"['Q', 'S', 'C', 'C', 'A', 'A', 'P', 'S', 'C', 'F', 'M', 'L', 'C', '<EOS>', '<PAD>', '<PAD>', '<PAD>', '<PAD>', '<PAD>', '<PAD>', '<PAD>', '<PAD>', '<PAD>', '<PAD>', '<PAD>', '<PAD>', '<PAD>', '<PAD>', '<PAD>', '<PAD>', '<PAD>']"
CP07372,QSCCSAPLCALLYRVMC,QSCCSAPLCALLYRVMC,17,Q S C C S A P L C A L L Y R V M C <EOS> <PAD> <PAD> <PAD> <PAD> <PAD> <PAD> <PAD> <PAD> <PAD> <PAD> <PAD> <PAD> <PAD>,"['Q', 'S', 'C', 'C', 'S', 'A', 'P', 'L', 'C', 'A', 'L', 'L', 'Y', 'R', 'V', 'M', 'C', '<EOS>', '<PAD>', '<PAD>', '<PAD>', '<PAD>', '<PAD>', '<PAD>', '<PAD>', '<PAD>', '<PAD>', '<PAD>', '<PAD>', '<PAD>', '<PAD>']"
CP09066;CP09075,QSCCSTPPCALLYMEMC,QSCCSTPPCALLYMEMC,17,Q S C C S T P P C A L L Y M E M C <EOS> <PAD> <PAD> <PAD> <PAD> <PAD> <PAD> <PAD> <PAD> <PAD> <PAD> <PAD> <PAD> <PAD>,"['Q', 'S', 'C', 'C', 'S', 'T', 'P', 'P', 'C', 'A', 'L', 'L', 'Y', 'M', 'E', 'M', 'C', '<EOS>', '<PAD>', '<PAD>', '<PAD>', '<PAD>', '<PAD>', '<PAD>', '<PAD>', '<PAD>', '<PAD>', '<PAD>', '<PAD>', '<PAD>', '<PAD>']"
CP06927,QSWLVPSTITTCCGYSPGTMCPPCMCTNTC,QSWLVPSTITTCCGYSPGTMCPPCMCTNTC,30,Q S W L V P S T I T T C C G Y S P G T M C P P C M C T N T C <EOS>,"['Q', 'S', 'W', 'L', 'V', 'P', 'S', 'T', 'I', 'T', 'T', 'C', 'C', 'G', 'Y', 'S', 'P', 'G', 'T', 'M', 'C', 'P', 'P', 'C', 'M', 'C', 'T', 'N', 'T', 'C', '<EOS>']"
CP07785,QTCCGFKFFCC,QTCCGFKFFCC,11,Q T C C G F K F F C C <EOS> <PAD> <PAD> <PAD> <PAD> <PAD> <PAD> <PAD> <PAD> <PAD> <PAD> <PAD> <PAD> <PAD> <PAD> <PAD> <PAD> <PAD> <PAD> <PAD>,"['Q', 'T', 'C', 'C', 'G', 'F', 'K', 'F', 'F', 'C', 'C', '<EOS>', '<PAD>', '<PAD>', '<PAD>', '<PAD>', '<PAD>', '<PAD>', '<PAD>', '<PAD>', '<PAD>', '<PAD>', '<PAD>', '<PAD>', '<PAD>', '<PAD>', '<PAD>', '<PAD>', '<PAD>', '<PAD>', '<PAD>']"
CP07774,QTCCGRTMCVPC,QTCCGRTMCVPC,12,Q T C C G R T M C V P C <EOS> <PAD> <PAD> <PAD> <PAD> <PAD> <PAD> <PAD> <PAD> <PAD> <PAD> <PAD> <PAD> <PAD> <PAD> <PAD> <PAD> <PAD> <PAD>,"['Q', 'T', 'C', 'C', 'G', 'R', 'T', 'M', 'C', 'V', 'P', 'C', '<EOS>', '<PAD>', '<PAD>', '<PAD>', '<PAD>', '<PAD>', '<PAD>', '<PAD>', '<PAD>', '<PAD>', '<PAD>', '<PAD>', '<PAD>', '<PAD>', '<PAD>', '<PAD>', '<PAD>', '<PAD>', '<PAD>']"
CP07687,QTCCGYRMCIPC,QTCCGYRMCIPC,12,Q T C C G Y R M C I P C <EOS> <PAD> <PAD> <PAD> <PAD> <PAD> <PAD> <PAD> <PAD> <PAD> <PAD> <PAD> <PAD> <PAD> <PAD> <PAD> <PAD> <PAD> <PAD>,"['Q', 'T', 'C', 'C', 'G', 'Y', 'R', 'M', 'C', 'I', 'P', 'C', '<EOS>', '<PAD>', '<PAD>', '<PAD>', '<PAD>', '<PAD>', '<PAD>', '<PAD>', '<PAD>', '<PAD>', '<PAD>', '<PAD>', '<PAD>', '<PAD>', '<PAD>', '<PAD>', '<PAD>', '<PAD>', '<PAD>']"
CP08336,QTPGCCWHPACGKNRC,QTPGCCWHPACGKNRC,16,Q T P G C C W H P A C G K N R C <EOS> <PAD> <PAD> <PAD> <PAD> <PAD> <PAD> <PAD> <PAD> <PAD> <PAD> <PAD> <PAD> <PAD> <PAD>,"['Q', 'T', 'P', 'G', 'C', 'C', 'W', 'H', 'P', 'A', 'C', 'G', 'K', 'N', 'R', 'C', '<EOS>', '<PAD>', '<PAD>', '<PAD>', '<PAD>', '<PAD>', '<PAD>', '<PAD>', '<PAD>', '<PAD>', '<PAD>', '<PAD>', '<PAD>', '<PAD>', '<PAD>']"
CP07520,QYECPVGLWCD,QYECPVGLWCD,11,Q Y E C P V G L W C D <EOS> <PAD> <PAD> <PAD> <PAD> <PAD> <PAD> <PAD> <PAD> <PAD> <PAD> <PAD> <PAD> <PAD> <PAD> <PAD> <PAD> <PAD> <PAD> <PAD>,"['Q', 'Y', 'E', 'C', 'P', 'V', 'G', 'L', 'W', 'C', 'D', '<EOS>', '<PAD>', '<PAD>', '<PAD>', '<PAD>', '<PAD>', '<PAD>', '<PAD>', '<PAD>', '<PAD>', '<PAD>', '<PAD>', '<PAD>', '<PAD>', '<PAD>', '<PAD>', '<PAD>', '<PAD>', '<PAD>', '<PAD>']"
CP07521,QYGCPPGLWCH,QYGCPPGLWCH,11,Q Y G C P P G L W C H <EOS> <PAD> <PAD> <PAD> <PAD> <PAD> <PAD> <PAD> <PAD> <PAD> <PAD> <PAD> <PAD> <PAD> <PAD> <PAD> <PAD> <PAD> <PAD> <PAD>,"['Q', 'Y', 'G', 'C', 'P', 'P', 'G', 'L', 'W', 'C', 'H', '<EOS>', '<PAD>', '<PAD>', '<PAD>', '<PAD>', '<PAD>', '<PAD>', '<PAD>', '<PAD>', '<PAD>', '<PAD>', '<PAD>', '<PAD>', '<PAD>', '<PAD>', '<PAD>', '<PAD>', '<PAD>', '<PAD>', '<PAD>']"
CP06385,RAILHAPREQECCEPQWCDGGCDACC,RAILHAPREQECCEPQWCDGGCDACC,26,R A I L H A P R E Q E C C E P Q W C D G G C D A C C <EOS> <PAD> <PAD> <PAD> <PAD>,"['R', 'A', 'I', 'L', 'H', 'A', 'P', 'R', 'E', 'Q', 'E', 'C', 'C', 'E', 'P', 'Q', 'W', 'C', 'D', 'G', 'G', 'C', 'D', 'A', 'C', 'C', '<EOS>', '<PAD>', '<PAD>', '<PAD>', '<PAD>']"
CP07397,RCCGEGASCPVYSRDRLICSCC,RCCGEGASCPVYSRDRLICSCC,22,R C C G E G A S C P V Y S R D R L I C S C C <EOS> <PAD> <PAD> <PAD> <PAD> <PAD> <PAD> <PAD> <PAD>,"['R', 'C', 'C', 'G', 'E', 'G', 'A', 'S', 'C', 'P', 'V', 'Y', 'S', 'R', 'D', 'R', 'L', 'I', 'C', 'S', 'C', 'C', '<EOS>', '<PAD>', '<PAD>', '<PAD>', '<PAD>', '<PAD>', '<PAD>', '<PAD>', '<PAD>']"
CP07527,RCCGIKSCYENNKDMC,RCCGIKSCYENNKDMC,16,R C C G I K S C Y E N N K D M C <EOS> <PAD> <PAD> <PAD> <PAD> <PAD> <PAD> <PAD> <PAD> <PAD> <PAD> <PAD> <PAD> <PAD> <PAD>,"['R', 'C', 'C', 'G', 'I', 'K', 'S', 'C', 'Y', 'E', 'N', 'N', 'K', 'D', 'M', 'C', '<EOS>', '<PAD>', '<PAD>', '<PAD>', '<PAD>', '<PAD>', '<PAD>', '<PAD>', '<PAD>', '<PAD>', '<PAD>', '<PAD>', '<PAD>', '<PAD>', '<PAD>']"
CP07247,RCCISPACHDDCICCIT,RCCISPACHDDCICCIT,17,R C C I S P A C H D D C I C C I T <EOS> <PAD> <PAD> <PAD> <PAD> <PAD> <PAD> <PAD> <PAD> <PAD> <PAD> <PAD> <PAD> <PAD>,"['R', 'C', 'C', 'I', 'S', 'P', 'A', 'C', 'H', 'D', 'D', 'C', 'I', 'C', 'C', 'I', 'T', '<EOS>', '<PAD>', '<PAD>', '<PAD>', '<PAD>', '<PAD>', '<PAD>', '<PAD>', '<PAD>', '<PAD>', '<PAD>', '<PAD>', '<PAD>', '<PAD>']"
CP08964;CP08965;CP08966,RCCISPACHDECICCID,RCCISPACHDECICCID,17,R C C I S P A C H D E C I C C I D <EOS> <PAD> <PAD> <PAD> <PAD> <PAD> <PAD> <PAD> <PAD> <PAD> <PAD> <PAD> <PAD> <PAD>,"['R', 'C', 'C', 'I', 'S', 'P', 'A', 'C', 'H', 'D', 'E', 'C', 'I', 'C', 'C', 'I', 'D', '<EOS>', '<PAD>', '<PAD>', '<PAD>', '<PAD>', '<PAD>', '<PAD>', '<PAD>', '<PAD>', '<PAD>', '<PAD>', '<PAD>', '<PAD>', '<PAD>']"
CP08961;CP09235,RCCISPACHEECYCCQ,RCCISPACHEECYCCQ,16,R C C I S P A C H E E C Y C C Q <EOS> <PAD> <PAD> <PAD> <PAD> <PAD> <PAD> <PAD> <PAD> <PAD> <PAD> <PAD> <PAD> <PAD> <PAD>,"['R', 'C', 'C', 'I', 'S', 'P', 'A', 'C', 'H', 'E', 'E', 'C', 'Y', 'C', 'C', 'Q', '<EOS>', '<PAD>', '<PAD>', '<PAD>', '<PAD>', '<PAD>', '<PAD>', '<PAD>', '<PAD>', '<PAD>', '<PAD>', '<PAD>', '<PAD>', '<PAD>', '<PAD>']"
CP07245,RCCISPACHKDCYCCL,RCCISPACHKDCYCCL,16,R C C I S P A C H K D C Y C C L <EOS> <PAD> <PAD> <PAD> <PAD> <PAD> <PAD> <PAD> <PAD> <PAD> <PAD> <PAD> <PAD> <PAD> <PAD>,"['R', 'C', 'C', 'I', 'S', 'P', 'A', 'C', 'H', 'K', 'D', 'C', 'Y', 'C', 'C', 'L', '<EOS>', '<PAD>', '<PAD>', '<PAD>', '<PAD>', '<PAD>', '<PAD>', '<PAD>', '<PAD>', '<PAD>', '<PAD>', '<PAD>', '<PAD>', '<PAD>', '<PAD>']"
CP08967;CP08968;CP08969,RCCISPACNDTCYCCQD,RCCISPACNDTCYCCQD,17,R C C I S P A C N D T C Y C C Q D <EOS> <PAD> <PAD> <PAD> <PAD> <PAD> <PAD> <PAD> <PAD> <PAD> <PAD> <PAD> <PAD> <PAD>,"['R', 'C', 'C', 'I', 'S', 'P', 'A', 'C', 'N', 'D', 'T', 'C', 'Y', 'C', 'C', 'Q', 'D', '<EOS>', '<PAD>', '<PAD>', '<PAD>', '<PAD>', '<PAD>', '<PAD>', '<PAD>', '<PAD>', '<PAD>', '<PAD>', '<PAD>', '<PAD>', '<PAD>']"
CP07271,RCCIWPECGSCVCCL,RCCIWPECGSCVCCL,15,R C C I W P E C G S C V C C L <EOS> <PAD> <PAD> <PAD> <PAD> <PAD> <PAD> <PAD> <PAD> <PAD> <PAD> <PAD> <PAD> <PAD> <PAD> <PAD>,"['R', 'C', 'C', 'I', 'W', 'P', 'E', 'C', 'G', 'S', 'C', 'V', 'C', 'C', 'L', '<EOS>', '<PAD>', '<PAD>', '<PAD>', '<PAD>', '<PAD>', '<PAD>', '<PAD>', '<PAD>', '<PAD>', '<PAD>', '<PAD>', '<PAD>', '<PAD>', '<PAD>', '<PAD>']"
CP07243,RCCNWQECDGNCHCCQ,RCCNWQECDGNCHCCQ,16,R C C N W Q E C D G N C H C C Q <EOS> <PAD> <PAD> <PAD> <PAD> <PAD> <PAD> <PAD> <PAD> <PAD> <PAD> <PAD> <PAD> <PAD> <PAD>,"['R', 'C', 'C', 'N', 'W', 'Q', 'E', 'C', 'D', 'G', 'N', 'C', 'H', 'C', 'C', 'Q', '<EOS>', '<PAD>', '<PAD>', '<PAD>', '<PAD>', '<PAD>', '<PAD>', '<PAD>', '<PAD>', '<PAD>', '<PAD>', '<PAD>', '<PAD>', '<PAD>', '<PAD>']"
CP07240,RCCPASACNGACGCCE,RCCPASACNGACGCCE,16,R C C P A S A C N G A C G C C E <EOS> <PAD> <PAD> <PAD> <PAD> <PAD> <PAD> <PAD> <PAD> <PAD> <PAD> <PAD> <PAD> <PAD> <PAD>,"['R', 'C', 'C', 'P', 'A', 'S', 'A', 'C', 'N', 'G', 'A', 'C', 'G', 'C', 'C', 'E', '<EOS>', '<PAD>', '<PAD>', '<PAD>', '<PAD>', '<PAD>', '<PAD>', '<PAD>', '<PAD>', '<PAD>', '<PAD>', '<PAD>', '<PAD>', '<PAD>', '<PAD>']"
CP07306,RCCPMEWCDGDCFCCV,RCCPMEWCDGDCFCCV,16,R C C P M E W C D G D C F C C V <EOS> <PAD> <PAD> <PAD> <PAD> <PAD> <PAD> <PAD> <PAD> <PAD> <PAD> <PAD> <PAD> <PAD> <PAD>,"['R', 'C', 'C', 'P', 'M', 'E', 'W', 'C', 'D', 'G', 'D', 'C', 'F', 'C', 'C', 'V', '<EOS>', '<PAD>', '<PAD>', '<PAD>', '<PAD>', '<PAD>', '<PAD>', '<PAD>', '<PAD>', '<PAD>', '<PAD>', '<PAD>', '<PAD>', '<PAD>', '<PAD>']"
CP05942,RCCPMPGCFAGPFCPCCPP,RCCPMPGCFAGPFCPCCPP,19,R C C P M P G C F A G P F C P C C P P <EOS> <PAD> <PAD> <PAD> <PAD> <PAD> <PAD> <PAD> <PAD> <PAD> <PAD> <PAD>,"['R', 'C', 'C', 'P', 'M', 'P', 'G', 'C', 'F', 'A', 'G', 'P', 'F', 'C', 'P', 'C', 'C', 'P', 'P', '<EOS>', '<PAD>', '<PAD>', '<PAD>', '<PAD>', '<PAD>', '<PAD>', '<PAD>', '<PAD>', '<PAD>', '<PAD>', '<PAD>']"
CP08256,RCCRYPCPDSCHGSCCY,RCCRYPCPDSCHGSCCY,17,R C C R Y P C P D S C H G S C C Y <EOS> <PAD> <PAD> <PAD> <PAD> <PAD> <PAD> <PAD> <PAD> <PAD> <PAD> <PAD> <PAD> <PAD>,"['R', 'C', 'C', 'R', 'Y', 'P', 'C', 'P', 'D', 'S', 'C', 'H', 'G', 'S', 'C', 'C', 'Y', '<EOS>', '<PAD>', '<PAD>', '<PAD>', '<PAD>', '<PAD>', '<PAD>', '<PAD>', '<PAD>', '<PAD>', '<PAD>', '<PAD>', '<PAD>', '<PAD>']"
CP07239,RCCSESHCNAGCACCD,RCCSESHCNAGCACCD,16,R C C S E S H C N A G C A C C D <EOS> <PAD> <PAD> <PAD> <PAD> <PAD> <PAD> <PAD> <PAD> <PAD> <PAD> <PAD> <PAD> <PAD> <PAD>,"['R', 'C', 'C', 'S', 'E', 'S', 'H', 'C', 'N', 'A', 'G', 'C', 'A', 'C', 'C', 'D', '<EOS>', '<PAD>', '<PAD>', '<PAD>', '<PAD>', '<PAD>', '<PAD>', '<PAD>', '<PAD>', '<PAD>', '<PAD>', '<PAD>', '<PAD>', '<PAD>', '<PAD>']"
CP07241,RCCTFSECDGNCHCCQ,RCCTFSECDGNCHCCQ,16,R C C T F S E C D G N C H C C Q <EOS> <PAD> <PAD> <PAD> <PAD> <PAD> <PAD> <PAD> <PAD> <PAD> <PAD> <PAD> <PAD> <PAD> <PAD>,"['R', 'C', 'C', 'T', 'F', 'S', 'E', 'C', 'D', 'G', 'N', 'C', 'H', 'C', 'C', 'Q', '<EOS>', '<PAD>', '<PAD>', '<PAD>', '<PAD>', '<PAD>', '<PAD>', '<PAD>', '<PAD>', '<PAD>', '<PAD>', '<PAD>', '<PAD>', '<PAD>', '<PAD>']"
CP08954;CP08955;CP08956,RCCTWQECDGNCRCCQ,RCCTWQECDGNCRCCQ,16,R C C T W Q E C D G N C R C C Q <EOS> <PAD> <PAD> <PAD> <PAD> <PAD> <PAD> <PAD> <PAD> <PAD> <PAD> <PAD> <PAD> <PAD> <PAD>,"['R', 'C', 'C', 'T', 'W', 'Q', 'E', 'C', 'D', 'G', 'N', 'C', 'R', 'C', 'C', 'Q', '<EOS>', '<PAD>', '<PAD>', '<PAD>', '<PAD>', '<PAD>', '<PAD>', '<PAD>', '<PAD>', '<PAD>', '<PAD>', '<PAD>', '<PAD>', '<PAD>', '<PAD>']"
CP07246,RCCVHPACHDDCICCID,RCCVHPACHDDCICCID,17,R C C V H P A C H D D C I C C I D <EOS> <PAD> <PAD> <PAD> <PAD> <PAD> <PAD> <PAD> <PAD> <PAD> <PAD> <PAD> <PAD> <PAD>,"['R', 'C', 'C', 'V', 'H', 'P', 'A', 'C', 'H', 'D', 'D', 'C', 'I', 'C', 'C', 'I', 'D', '<EOS>', '<PAD>', '<PAD>', '<PAD>', '<PAD>', '<PAD>', '<PAD>', '<PAD>', '<PAD>', '<PAD>', '<PAD>', '<PAD>', '<PAD>', '<PAD>']"
CP06152,RCDEEGTGCSSDSECCSGRCTPEGLFEFCE,RCDEEGTGCSSDSECCSGRCTPEGLFEFCE,30,R C D E E G T G C S S D S E C C S G R C T P E G L F E F C E <EOS>,"['R', 'C', 'D', 'E', 'E', 'G', 'T', 'G', 'C', 'S', 'S', 'D', 'S', 'E', 'C', 'C', 'S', 'G', 'R', 'C', 'T', 'P', 'E', 'G', 'L', 'F', 'E', 'F', 'C', 'E', '<EOS>']"
CP03021,RCFCRRGVCRCFCRRGVC,RCFCRRGVCRCFCRRGVC,18,R C F C R R G V C R C F C R R G V C <EOS> <PAD> <PAD> <PAD> <PAD> <PAD> <PAD> <PAD> <PAD> <PAD> <PAD> <PAD> <PAD>,"['R', 'C', 'F', 'C', 'R', 'R', 'G', 'V', 'C', 'R', 'C', 'F', 'C', 'R', 'R', 'G', 'V', 'C', '<EOS>', '<PAD>', '<PAD>', '<PAD>', '<PAD>', '<PAD>', '<PAD>', '<PAD>', '<PAD>', '<PAD>', '<PAD>', '<PAD>', '<PAD>']"
CP03020,RCICLLGICRCFCRRGVC,RCICLLGICRCFCRRGVC,18,R C I C L L G I C R C F C R R G V C <EOS> <PAD> <PAD> <PAD> <PAD> <PAD> <PAD> <PAD> <PAD> <PAD> <PAD> <PAD> <PAD>,"['R', 'C', 'I', 'C', 'L', 'L', 'G', 'I', 'C', 'R', 'C', 'F', 'C', 'R', 'R', 'G', 'V', 'C', '<EOS>', '<PAD>', '<PAD>', '<PAD>', '<PAD>', '<PAD>', '<PAD>', '<PAD>', '<PAD>', '<PAD>', '<PAD>', '<PAD>', '<PAD>']"
CP03144,RCICTRGFCRCICTRGFC,RCICTRGFCRCICTRGFC,18,R C I C T R G F C R C I C T R G F C <EOS> <PAD> <PAD> <PAD> <PAD> <PAD> <PAD> <PAD> <PAD> <PAD> <PAD> <PAD> <PAD>,"['R', 'C', 'I', 'C', 'T', 'R', 'G', 'F', 'C', 'R', 'C', 'I', 'C', 'T', 'R', 'G', 'F', 'C', '<EOS>', '<PAD>', '<PAD>', '<PAD>', '<PAD>', '<PAD>', '<PAD>', '<PAD>', '<PAD>', '<PAD>', '<PAD>', '<PAD>', '<PAD>']"
CP03143,RCLCRRGVCRCLCRRGVC,RCLCRRGVCRCLCRRGVC,18,R C L C R R G V C R C L C R R G V C <EOS> <PAD> <PAD> <PAD> <PAD> <PAD> <PAD> <PAD> <PAD> <PAD> <PAD> <PAD> <PAD>,"['R', 'C', 'L', 'C', 'R', 'R', 'G', 'V', 'C', 'R', 'C', 'L', 'C', 'R', 'R', 'G', 'V', 'C', '<EOS>', '<PAD>', '<PAD>', '<PAD>', '<PAD>', '<PAD>', '<PAD>', '<PAD>', '<PAD>', '<PAD>', '<PAD>', '<PAD>', '<PAD>']"
CP03492,RCRFCCRCCPRMRGCGICCRF,RCRFCCRCCPRMRGCGICCRF,21,R C R F C C R C C P R M R G C G I C C R F <EOS> <PAD> <PAD> <PAD> <PAD> <PAD> <PAD> <PAD> <PAD> <PAD>,"['R', 'C', 'R', 'F', 'C', 'C', 'R', 'C', 'C', 'P', 'R', 'M', 'R', 'G', 'C', 'G', 'I', 'C', 'C', 'R', 'F', '<EOS>', '<PAD>', '<PAD>', '<PAD>', '<PAD>', '<PAD>', '<PAD>', '<PAD>', '<PAD>', '<PAD>']"
CP03182,RCTCTTIISSSSTF,RCTCTTIISSSSTF,14,R C T C T T I I S S S S T F <EOS> <PAD> <PAD> <PAD> <PAD> <PAD> <PAD> <PAD> <PAD> <PAD> <PAD> <PAD> <PAD> <PAD> <PAD> <PAD> <PAD>,"['R', 'C', 'T', 'C', 'T', 'T', 'I', 'I', 'S', 'S', 'S', 'S', 'T', 'F', '<EOS>', '<PAD>', '<PAD>', '<PAD>', '<PAD>', '<PAD>', '<PAD>', '<PAD>', '<PAD>', '<PAD>', '<PAD>', '<PAD>', '<PAD>', '<PAD>', '<PAD>', '<PAD>', '<PAD>']"
CP02814,RCVCRRGVCRCVCRRGVC,RCVCRRGVCRCVCRRGVC,18,R C V C R R G V C R C V C R R G V C <EOS> <PAD> <PAD> <PAD> <PAD> <PAD> <PAD> <PAD> <PAD> <PAD> <PAD> <PAD> <PAD>,"['R', 'C', 'V', 'C', 'R', 'R', 'G', 'V', 'C', 'R', 'C', 'V', 'C', 'R', 'R', 'G', 'V', 'C', '<EOS>', '<PAD>', '<PAD>', '<PAD>', '<PAD>', '<PAD>', '<PAD>', '<PAD>', '<PAD>', '<PAD>', '<PAD>', '<PAD>', '<PAD>']"
CP03147,RCVCRRGVCRCVCTRGFC,RCVCRRGVCRCVCTRGFC,18,R C V C R R G V C R C V C T R G F C <EOS> <PAD> <PAD> <PAD> <PAD> <PAD> <PAD> <PAD> <PAD> <PAD> <PAD> <PAD> <PAD>,"['R', 'C', 'V', 'C', 'R', 'R', 'G', 'V', 'C', 'R', 'C', 'V', 'C', 'T', 'R', 'G', 'F', 'C', '<EOS>', '<PAD>', '<PAD>', '<PAD>', '<PAD>', '<PAD>', '<PAD>', '<PAD>', '<PAD>', '<PAD>', '<PAD>', '<PAD>', '<PAD>']"
CP02830,RCVCTRGFCRCFCRRGVC,RCVCTRGFCRCFCRRGVC,18,R C V C T R G F C R C F C R R G V C <EOS> <PAD> <PAD> <PAD> <PAD> <PAD> <PAD> <PAD> <PAD> <PAD> <PAD> <PAD> <PAD>,"['R', 'C', 'V', 'C', 'T', 'R', 'G', 'F', 'C', 'R', 'C', 'F', 'C', 'R', 'R', 'G', 'V', 'C', '<EOS>', '<PAD>', '<PAD>', '<PAD>', '<PAD>', '<PAD>', '<PAD>', '<PAD>', '<PAD>', '<PAD>', '<PAD>', '<PAD>', '<PAD>']"
CP02829,RCVCTRGFCRCICLLGIC,RCVCTRGFCRCICLLGIC,18,R C V C T R G F C R C I C L L G I C <EOS> <PAD> <PAD> <PAD> <PAD> <PAD> <PAD> <PAD> <PAD> <PAD> <PAD> <PAD> <PAD>,"['R', 'C', 'V', 'C', 'T', 'R', 'G', 'F', 'C', 'R', 'C', 'I', 'C', 'L', 'L', 'G', 'I', 'C', '<EOS>', '<PAD>', '<PAD>', '<PAD>', '<PAD>', '<PAD>', '<PAD>', '<PAD>', '<PAD>', '<PAD>', '<PAD>', '<PAD>', '<PAD>']"
CP03148,RCVCTRGFCRCVCTRGFC,RCVCTRGFCRCVCTRGFC,18,R C V C T R G F C R C V C T R G F C <EOS> <PAD> <PAD> <PAD> <PAD> <PAD> <PAD> <PAD> <PAD> <PAD> <PAD> <PAD> <PAD>,"['R', 'C', 'V', 'C', 'T', 'R', 'G', 'F', 'C', 'R', 'C', 'V', 'C', 'T', 'R', 'G', 'F', 'C', '<EOS>', '<PAD>', '<PAD>', '<PAD>', '<PAD>', '<PAD>', '<PAD>', '<PAD>', '<PAD>', '<PAD>', '<PAD>', '<PAD>', '<PAD>']"
CP08459,RCVFCPKEPCCDGDQCMTAPGTGPFC,RCVFCPKEPCCDGDQCMTAPGTGPFC,26,R C V F C P K E P C C D G D Q C M T A P G T G P F C <EOS> <PAD> <PAD> <PAD> <PAD>,"['R', 'C', 'V', 'F', 'C', 'P', 'K', 'E', 'P', 'C', 'C', 'D', 'G', 'D', 'Q', 'C', 'M', 'T', 'A', 'P', 'G', 'T', 'G', 'P', 'F', 'C', '<EOS>', '<PAD>', '<PAD>', '<PAD>', '<PAD>']"
CP07692,RDCCKGNPGCCGWD,RDCCKGNPGCCGWD,14,R D C C K G N P G C C G W D <EOS> <PAD> <PAD> <PAD> <PAD> <PAD> <PAD> <PAD> <PAD> <PAD> <PAD> <PAD> <PAD> <PAD> <PAD> <PAD> <PAD>,"['R', 'D', 'C', 'C', 'K', 'G', 'N', 'P', 'G', 'C', 'C', 'G', 'W', 'D', '<EOS>', '<PAD>', '<PAD>', '<PAD>', '<PAD>', '<PAD>', '<PAD>', '<PAD>', '<PAD>', '<PAD>', '<PAD>', '<PAD>', '<PAD>', '<PAD>', '<PAD>', '<PAD>', '<PAD>']"
CP07784,RDCCLIDEWCCEVDEEFGY,RDCCLIDEWCCEVDEEFGY,19,R D C C L I D E W C C E V D E E F G Y <EOS> <PAD> <PAD> <PAD> <PAD> <PAD> <PAD> <PAD> <PAD> <PAD> <PAD> <PAD>,"['R', 'D', 'C', 'C', 'L', 'I', 'D', 'E', 'W', 'C', 'C', 'E', 'V', 'D', 'E', 'E', 'F', 'G', 'Y', '<EOS>', '<PAD>', '<PAD>', '<PAD>', '<PAD>', '<PAD>', '<PAD>', '<PAD>', '<PAD>', '<PAD>', '<PAD>', '<PAD>']"
CP07778,RDCCTNLLPCCY,RDCCTNLLPCCY,12,R D C C T N L L P C C Y <EOS> <PAD> <PAD> <PAD> <PAD> <PAD> <PAD> <PAD> <PAD> <PAD> <PAD> <PAD> <PAD> <PAD> <PAD> <PAD> <PAD> <PAD> <PAD>,"['R', 'D', 'C', 'C', 'T', 'N', 'L', 'L', 'P', 'C', 'C', 'Y', '<EOS>', '<PAD>', '<PAD>', '<PAD>', '<PAD>', '<PAD>', '<PAD>', '<PAD>', '<PAD>', '<PAD>', '<PAD>', '<PAD>', '<PAD>', '<PAD>', '<PAD>', '<PAD>', '<PAD>', '<PAD>', '<PAD>']"
CP07301,RDCCTPPKKCKDRQCKPQRCCA,RDCCTPPKKCKDRQCKPQRCCA,22,R D C C T P P K K C K D R Q C K P Q R C C A <EOS> <PAD> <PAD> <PAD> <PAD> <PAD> <PAD> <PAD> <PAD>,"['R', 'D', 'C', 'C', 'T', 'P', 'P', 'K', 'K', 'C', 'K', 'D', 'R', 'Q', 'C', 'K', 'P', 'Q', 'R', 'C', 'C', 'A', '<EOS>', '<PAD>', '<PAD>', '<PAD>', '<PAD>', '<PAD>', '<PAD>', '<PAD>', '<PAD>']"
CP06961,RDCPPWCPTSHCNAGTC,RDCPPWCPTSHCNAGTC,17,R D C P P W C P T S H C N A G T C <EOS> <PAD> <PAD> <PAD> <PAD> <PAD> <PAD> <PAD> <PAD> <PAD> <PAD> <PAD> <PAD> <PAD>,"['R', 'D', 'C', 'P', 'P', 'W', 'C', 'P', 'T', 'S', 'H', 'C', 'N', 'A', 'G', 'T', 'C', '<EOS>', '<PAD>', '<PAD>', '<PAD>', '<PAD>', '<PAD>', '<PAD>', '<PAD>', '<PAD>', '<PAD>', '<PAD>', '<PAD>', '<PAD>', '<PAD>']"
CP05803,RDLCFETCITFGCISASFGCYCYNLLCVKD,RDLCFETCITFGCISASFGCYCYNLLCVKD,30,R D L C F E T C I T F G C I S A S F G C Y C Y N L L C V K D <EOS>,"['R', 'D', 'L', 'C', 'F', 'E', 'T', 'C', 'I', 'T', 'F', 'G', 'C', 'I', 'S', 'A', 'S', 'F', 'G', 'C', 'Y', 'C', 'Y', 'N', 'L', 'L', 'C', 'V', 'K', 'D', '<EOS>']"
CP07334,REIILPALRLQTSSDCLGFPDVWC,REIILPALRLQTSSDCLGFPDVWC,24,R E I I L P A L R L Q T S S D C L G F P D V W C <EOS> <PAD> <PAD> <PAD> <PAD> <PAD> <PAD>,"['R', 'E', 'I', 'I', 'L', 'P', 'A', 'L', 'R', 'L', 'Q', 'T', 'S', 'S', 'D', 'C', 'L', 'G', 'F', 'P', 'D', 'V', 'W', 'C', '<EOS>', '<PAD>', '<PAD>', '<PAD>', '<PAD>', '<PAD>', '<PAD>']"
CP05652,RFTSCQEGCFFRPCTTPGCRCLADLCVKN,RFTSCQEGCFFRPCTTPGCRCLADLCVKN,29,R F T S C Q E G C F F R P C T T P G C R C L A D L C V K N <EOS> <PAD>,"['R', 'F', 'T', 'S', 'C', 'Q', 'E', 'G', 'C', 'F', 'F', 'R', 'P', 'C', 'T', 'T', 'P', 'G', 'C', 'R', 'C', 'L', 'A', 'D', 'L', 'C', 'V', 'K', 'N', '<EOS>', '<PAD>']"
CP02914,RGCYKICGETCLFIPCLTSVFGCSCKN,RGCYKICGETCLFIPCLTSVFGCSCKN,27,R G C Y K I C G E T C L F I P C L T S V F G C S C K N <EOS> <PAD> <PAD> <PAD>,"['R', 'G', 'C', 'Y', 'K', 'I', 'C', 'G', 'E', 'T', 'C', 'L', 'F', 'I', 'P', 'C', 'L', 'T', 'S', 'V', 'F', 'G', 'C', 'S', 'C', 'K', 'N', '<EOS>', '<PAD>', '<PAD>', '<PAD>']"
CP01030;CP01706,RGGLCYCRGRFCVCVGR,RGGLCYCRGRFCVCVGR,17,R G G L C Y C R G R F C V C V G R <EOS> <PAD> <PAD> <PAD> <PAD> <PAD> <PAD> <PAD> <PAD> <PAD> <PAD> <PAD> <PAD> <PAD>,"['R', 'G', 'G', 'L', 'C', 'Y', 'C', 'R', 'G', 'R', 'F', 'C', 'V', 'C', 'V', 'G', 'R', '<EOS>', '<PAD>', '<PAD>', '<PAD>', '<PAD>', '<PAD>', '<PAD>', '<PAD>', '<PAD>', '<PAD>', '<PAD>', '<PAD>', '<PAD>', '<PAD>']"
CP01016,RGGRLCYCRGWICVCVGR,RGGRLCYCRGWICVCVGR,18,R G G R L C Y C R G W I C V C V G R <EOS> <PAD> <PAD> <PAD> <PAD> <PAD> <PAD> <PAD> <PAD> <PAD> <PAD> <PAD> <PAD>,"['R', 'G', 'G', 'R', 'L', 'C', 'Y', 'C', 'R', 'G', 'W', 'I', 'C', 'V', 'C', 'V', 'G', 'R', '<EOS>', '<PAD>', '<PAD>', '<PAD>', '<PAD>', '<PAD>', '<PAD>', '<PAD>', '<PAD>', '<PAD>', '<PAD>', '<PAD>', '<PAD>']"
CP01017,RGGRLCYCRPRFCVCVGR,RGGRLCYCRPRFCVCVGR,18,R G G R L C Y C R P R F C V C V G R <EOS> <PAD> <PAD> <PAD> <PAD> <PAD> <PAD> <PAD> <PAD> <PAD> <PAD> <PAD> <PAD>,"['R', 'G', 'G', 'R', 'L', 'C', 'Y', 'C', 'R', 'P', 'R', 'F', 'C', 'V', 'C', 'V', 'G', 'R', '<EOS>', '<PAD>', '<PAD>', '<PAD>', '<PAD>', '<PAD>', '<PAD>', '<PAD>', '<PAD>', '<PAD>', '<PAD>', '<PAD>', '<PAD>']"
CP08209,RICCPWFALCCYY,RICCPWFALCCYY,13,R I C C P W F A L C C Y Y <EOS> <PAD> <PAD> <PAD> <PAD> <PAD> <PAD> <PAD> <PAD> <PAD> <PAD> <PAD> <PAD> <PAD> <PAD> <PAD> <PAD> <PAD>,"['R', 'I', 'C', 'C', 'P', 'W', 'F', 'A', 'L', 'C', 'C', 'Y', 'Y', '<EOS>', '<PAD>', '<PAD>', '<PAD>', '<PAD>', '<PAD>', '<PAD>', '<PAD>', '<PAD>', '<PAD>', '<PAD>', '<PAD>', '<PAD>', '<PAD>', '<PAD>', '<PAD>', '<PAD>', '<PAD>']"
CP02952,RICRCICGRRICRCICGR,RICRCICGRRICRCICGR,18,R I C R C I C G R R I C R C I C G R <EOS> <PAD> <PAD> <PAD> <PAD> <PAD> <PAD> <PAD> <PAD> <PAD> <PAD> <PAD> <PAD>,"['R', 'I', 'C', 'R', 'C', 'I', 'C', 'G', 'R', 'R', 'I', 'C', 'R', 'C', 'I', 'C', 'G', 'R', '<EOS>', '<PAD>', '<PAD>', '<PAD>', '<PAD>', '<PAD>', '<PAD>', '<PAD>', '<PAD>', '<PAD>', '<PAD>', '<PAD>', '<PAD>']"
CP02820,RICRIIFLRVCR,RICRIIFLRVCR,12,R I C R I I F L R V C R <EOS> <PAD> <PAD> <PAD> <PAD> <PAD> <PAD> <PAD> <PAD> <PAD> <PAD> <PAD> <PAD> <PAD> <PAD> <PAD> <PAD> <PAD> <PAD>,"['R', 'I', 'C', 'R', 'I', 'I', 'F', 'L', 'R', 'V', 'C', 'R', '<EOS>', '<PAD>', '<PAD>', '<PAD>', '<PAD>', '<PAD>', '<PAD>', '<PAD>', '<PAD>', '<PAD>', '<PAD>', '<PAD>', '<PAD>', '<PAD>', '<PAD>', '<PAD>', '<PAD>', '<PAD>', '<PAD>']"
CP03625,RICRIVVIRCIR,RICRIVVIRCIR,12,R I C R I V V I R C I R <EOS> <PAD> <PAD> <PAD> <PAD> <PAD> <PAD> <PAD> <PAD> <PAD> <PAD> <PAD> <PAD> <PAD> <PAD> <PAD> <PAD> <PAD> <PAD>,"['R', 'I', 'C', 'R', 'I', 'V', 'V', 'I', 'R', 'C', 'I', 'R', '<EOS>', '<PAD>', '<PAD>', '<PAD>', '<PAD>', '<PAD>', '<PAD>', '<PAD>', '<PAD>', '<PAD>', '<PAD>', '<PAD>', '<PAD>', '<PAD>', '<PAD>', '<PAD>', '<PAD>', '<PAD>', '<PAD>']"
CP03738,RICRIVVIRVCR,RICRIVVIRVCR,12,R I C R I V V I R V C R <EOS> <PAD> <PAD> <PAD> <PAD> <PAD> <PAD> <PAD> <PAD> <PAD> <PAD> <PAD> <PAD> <PAD> <PAD> <PAD> <PAD> <PAD> <PAD>,"['R', 'I', 'C', 'R', 'I', 'V', 'V', 'I', 'R', 'V', 'C', 'R', '<EOS>', '<PAD>', '<PAD>', '<PAD>', '<PAD>', '<PAD>', '<PAD>', '<PAD>', '<PAD>', '<PAD>', '<PAD>', '<PAD>', '<PAD>', '<PAD>', '<PAD>', '<PAD>', '<PAD>', '<PAD>', '<PAD>']"
CP03740,RICRIWWIRWCR,RICRIWWIRWCR,12,R I C R I W W I R W C R <EOS> <PAD> <PAD> <PAD> <PAD> <PAD> <PAD> <PAD> <PAD> <PAD> <PAD> <PAD> <PAD> <PAD> <PAD> <PAD> <PAD> <PAD> <PAD>,"['R', 'I', 'C', 'R', 'I', 'W', 'W', 'I', 'R', 'W', 'C', 'R', '<EOS>', '<PAD>', '<PAD>', '<PAD>', '<PAD>', '<PAD>', '<PAD>', '<PAD>', '<PAD>', '<PAD>', '<PAD>', '<PAD>', '<PAD>', '<PAD>', '<PAD>', '<PAD>', '<PAD>', '<PAD>', '<PAD>']"
CP07780,RLCCITEEWCCQWW,RLCCITEEWCCQWW,14,R L C C I T E E W C C Q W W <EOS> <PAD> <PAD> <PAD> <PAD> <PAD> <PAD> <PAD> <PAD> <PAD> <PAD> <PAD> <PAD> <PAD> <PAD> <PAD> <PAD>,"['R', 'L', 'C', 'C', 'I', 'T', 'E', 'E', 'W', 'C', 'C', 'Q', 'W', 'W', '<EOS>', '<PAD>', '<PAD>', '<PAD>', '<PAD>', '<PAD>', '<PAD>', '<PAD>', '<PAD>', '<PAD>', '<PAD>', '<PAD>', '<PAD>', '<PAD>', '<PAD>', '<PAD>', '<PAD>']"
CP03626,RLCPRVRIRVCR,RLCPRVRIRVCR,12,R L C P R V R I R V C R <EOS> <PAD> <PAD> <PAD> <PAD> <PAD> <PAD> <PAD> <PAD> <PAD> <PAD> <PAD> <PAD> <PAD> <PAD> <PAD> <PAD> <PAD> <PAD>,"['R', 'L', 'C', 'P', 'R', 'V', 'R', 'I', 'R', 'V', 'C', 'R', '<EOS>', '<PAD>', '<PAD>', '<PAD>', '<PAD>', '<PAD>', '<PAD>', '<PAD>', '<PAD>', '<PAD>', '<PAD>', '<PAD>', '<PAD>', '<PAD>', '<PAD>', '<PAD>', '<PAD>', '<PAD>', '<PAD>']"
CP03627,RLCRIVPVIRVCR,RLCRIVPVIRVCR,13,R L C R I V P V I R V C R <EOS> <PAD> <PAD> <PAD> <PAD> <PAD> <PAD> <PAD> <PAD> <PAD> <PAD> <PAD> <PAD> <PAD> <PAD> <PAD> <PAD> <PAD>,"['R', 'L', 'C', 'R', 'I', 'V', 'P', 'V', 'I', 'R', 'V', 'C', 'R', '<EOS>', '<PAD>', '<PAD>', '<PAD>', '<PAD>', '<PAD>', '<PAD>', '<PAD>', '<PAD>', '<PAD>', '<PAD>', '<PAD>', '<PAD>', '<PAD>', '<PAD>', '<PAD>', '<PAD>', '<PAD>']"
CP07790,RNCCRLQICCGRT,RNCCRLQICCGRT,13,R N C C R L Q I C C G R T <EOS> <PAD> <PAD> <PAD> <PAD> <PAD> <PAD> <PAD> <PAD> <PAD> <PAD> <PAD> <PAD> <PAD> <PAD> <PAD> <PAD> <PAD>,"['R', 'N', 'C', 'C', 'R', 'L', 'Q', 'I', 'C', 'C', 'G', 'R', 'T', '<EOS>', '<PAD>', '<PAD>', '<PAD>', '<PAD>', '<PAD>', '<PAD>', '<PAD>', '<PAD>', '<PAD>', '<PAD>', '<PAD>', '<PAD>', '<PAD>', '<PAD>', '<PAD>', '<PAD>', '<PAD>']"
CP01506,RNGLPICGETCVGGTCNTPGCSCSWPVCT,RNGLPICGETCVGGTCNTPGCSCSWPVCT,29,R N G L P I C G E T C V G G T C N T P G C S C S W P V C T <EOS> <PAD>,"['R', 'N', 'G', 'L', 'P', 'I', 'C', 'G', 'E', 'T', 'C', 'V', 'G', 'G', 'T', 'C', 'N', 'T', 'P', 'G', 'C', 'S', 'C', 'S', 'W', 'P', 'V', 'C', 'T', '<EOS>', '<PAD>']"
CP04854,RNVEGETTQIVGLSDIAREVRNN,RNVEGETTQIVGLSDIAREVRNN,23,R N V E G E T T Q I V G L S D I A R E V R N N <EOS> <PAD> <PAD> <PAD> <PAD> <PAD> <PAD> <PAD>,"['R', 'N', 'V', 'E', 'G', 'E', 'T', 'T', 'Q', 'I', 'V', 'G', 'L', 'S', 'D', 'I', 'A', 'R', 'E', 'V', 'R', 'N', 'N', '<EOS>', '<PAD>', '<PAD>', '<PAD>', '<PAD>', '<PAD>', '<PAD>', '<PAD>']"
CP08957;CP08958;CP08959,RPCCSLRWCSNYCRCGI,RPCCSLRWCSNYCRCGI,17,R P C C S L R W C S N Y C R C G I <EOS> <PAD> <PAD> <PAD> <PAD> <PAD> <PAD> <PAD> <PAD> <PAD> <PAD> <PAD> <PAD> <PAD>,"['R', 'P', 'C', 'C', 'S', 'L', 'R', 'W', 'C', 'S', 'N', 'Y', 'C', 'R', 'C', 'G', 'I', '<EOS>', '<PAD>', '<PAD>', '<PAD>', '<PAD>', '<PAD>', '<PAD>', '<PAD>', '<PAD>', '<PAD>', '<PAD>', '<PAD>', '<PAD>', '<PAD>']"
CP07783,RQCCPTFSECCEMEEEFGL,RQCCPTFSECCEMEEEFGL,19,R Q C C P T F S E C C E M E E E F G L <EOS> <PAD> <PAD> <PAD> <PAD> <PAD> <PAD> <PAD> <PAD> <PAD> <PAD> <PAD>,"['R', 'Q', 'C', 'C', 'P', 'T', 'F', 'S', 'E', 'C', 'C', 'E', 'M', 'E', 'E', 'E', 'F', 'G', 'L', '<EOS>', '<PAD>', '<PAD>', '<PAD>', '<PAD>', '<PAD>', '<PAD>', '<PAD>', '<PAD>', '<PAD>', '<PAD>', '<PAD>']"
CP01015,RRFCYAKKPYRACR,RRFCYAKKPYRACR,14,R R F C Y A K K P Y R A C R <EOS> <PAD> <PAD> <PAD> <PAD> <PAD> <PAD> <PAD> <PAD> <PAD> <PAD> <PAD> <PAD> <PAD> <PAD> <PAD> <PAD>,"['R', 'R', 'F', 'C', 'Y', 'A', 'K', 'K', 'P', 'Y', 'R', 'A', 'C', 'R', '<EOS>', '<PAD>', '<PAD>', '<PAD>', '<PAD>', '<PAD>', '<PAD>', '<PAD>', '<PAD>', '<PAD>', '<PAD>', '<PAD>', '<PAD>', '<PAD>', '<PAD>', '<PAD>', '<PAD>']"
CP03629,RRLCRIVWVIRVCRR,RRLCRIVWVIRVCRR,15,R R L C R I V W V I R V C R R <EOS> <PAD> <PAD> <PAD> <PAD> <PAD> <PAD> <PAD> <PAD> <PAD> <PAD> <PAD> <PAD> <PAD> <PAD> <PAD>,"['R', 'R', 'L', 'C', 'R', 'I', 'V', 'W', 'V', 'I', 'R', 'V', 'C', 'R', 'R', '<EOS>', '<PAD>', '<PAD>', '<PAD>', '<PAD>', '<PAD>', '<PAD>', '<PAD>', '<PAD>', '<PAD>', '<PAD>', '<PAD>', '<PAD>', '<PAD>', '<PAD>', '<PAD>']"
CP03623,RRRCPIVVIRVCRR,RRRCPIVVIRVCRR,14,R R R C P I V V I R V C R R <EOS> <PAD> <PAD> <PAD> <PAD> <PAD> <PAD> <PAD> <PAD> <PAD> <PAD> <PAD> <PAD> <PAD> <PAD> <PAD> <PAD>,"['R', 'R', 'R', 'C', 'P', 'I', 'V', 'V', 'I', 'R', 'V', 'C', 'R', 'R', '<EOS>', '<PAD>', '<PAD>', '<PAD>', '<PAD>', '<PAD>', '<PAD>', '<PAD>', '<PAD>', '<PAD>', '<PAD>', '<PAD>', '<PAD>', '<PAD>', '<PAD>', '<PAD>', '<PAD>']"
CP03624,RRRLCPIVIRVCRR,RRRLCPIVIRVCRR,14,R R R L C P I V I R V C R R <EOS> <PAD> <PAD> <PAD> <PAD> <PAD> <PAD> <PAD> <PAD> <PAD> <PAD> <PAD> <PAD> <PAD> <PAD> <PAD> <PAD>,"['R', 'R', 'R', 'L', 'C', 'P', 'I', 'V', 'I', 'R', 'V', 'C', 'R', 'R', '<EOS>', '<PAD>', '<PAD>', '<PAD>', '<PAD>', '<PAD>', '<PAD>', '<PAD>', '<PAD>', '<PAD>', '<PAD>', '<PAD>', '<PAD>', '<PAD>', '<PAD>', '<PAD>', '<PAD>']"
CP03523,RRWCFRVCYKGFCYRKCR,RRWCFRVCYKGFCYRKCR,18,R R W C F R V C Y K G F C Y R K C R <EOS> <PAD> <PAD> <PAD> <PAD> <PAD> <PAD> <PAD> <PAD> <PAD> <PAD> <PAD> <PAD>,"['R', 'R', 'W', 'C', 'F', 'R', 'V', 'C', 'Y', 'K', 'G', 'F', 'C', 'Y', 'R', 'K', 'C', 'R', '<EOS>', '<PAD>', '<PAD>', '<PAD>', '<PAD>', '<PAD>', '<PAD>', '<PAD>', '<PAD>', '<PAD>', '<PAD>', '<PAD>', '<PAD>']"
CP01008,RRWCFRVCYRGYCYRKCR,RRWCFRVCYRGYCYRKCR,18,R R W C F R V C Y R G Y C Y R K C R <EOS> <PAD> <PAD> <PAD> <PAD> <PAD> <PAD> <PAD> <PAD> <PAD> <PAD> <PAD> <PAD>,"['R', 'R', 'W', 'C', 'F', 'R', 'V', 'C', 'Y', 'R', 'G', 'Y', 'C', 'Y', 'R', 'K', 'C', 'R', '<EOS>', '<PAD>', '<PAD>', '<PAD>', '<PAD>', '<PAD>', '<PAD>', '<PAD>', '<PAD>', '<PAD>', '<PAD>', '<PAD>', '<PAD>']"
CP01077,RRWCRYRKKPYRACR,RRWCRYRKKPYRACR,15,R R W C R Y R K K P Y R A C R <EOS> <PAD> <PAD> <PAD> <PAD> <PAD> <PAD> <PAD> <PAD> <PAD> <PAD> <PAD> <PAD> <PAD> <PAD> <PAD>,"['R', 'R', 'W', 'C', 'R', 'Y', 'R', 'K', 'K', 'P', 'Y', 'R', 'A', 'C', 'R', '<EOS>', '<PAD>', '<PAD>', '<PAD>', '<PAD>', '<PAD>', '<PAD>', '<PAD>', '<PAD>', '<PAD>', '<PAD>', '<PAD>', '<PAD>', '<PAD>', '<PAD>', '<PAD>']"
CP01001;CP01075;CP01076,RRWCYRKCYKGYCYRKCR,RRWCYRKCYKGYCYRKCR,18,R R W C Y R K C Y K G Y C Y R K C R <EOS> <PAD> <PAD> <PAD> <PAD> <PAD> <PAD> <PAD> <PAD> <PAD> <PAD> <PAD> <PAD>,"['R', 'R', 'W', 'C', 'Y', 'R', 'K', 'C', 'Y', 'K', 'G', 'Y', 'C', 'Y', 'R', 'K', 'C', 'R', '<EOS>', '<PAD>', '<PAD>', '<PAD>', '<PAD>', '<PAD>', '<PAD>', '<PAD>', '<PAD>', '<PAD>', '<PAD>', '<PAD>', '<PAD>']"
CP07284,RSCSFPSNTWC,RSCSFPSNTWC,11,R S C S F P S N T W C <EOS> <PAD> <PAD> <PAD> <PAD> <PAD> <PAD> <PAD> <PAD> <PAD> <PAD> <PAD> <PAD> <PAD> <PAD> <PAD> <PAD> <PAD> <PAD> <PAD>,"['R', 'S', 'C', 'S', 'F', 'P', 'S', 'N', 'T', 'W', 'C', '<EOS>', '<PAD>', '<PAD>', '<PAD>', '<PAD>', '<PAD>', '<PAD>', '<PAD>', '<PAD>', '<PAD>', '<PAD>', '<PAD>', '<PAD>', '<PAD>', '<PAD>', '<PAD>', '<PAD>', '<PAD>', '<PAD>', '<PAD>']"
CP03607,RSVCRQIKICRRRGGCYYKCTNRPY,RSVCRQIKICRRRGGCYYKCTNRPY,25,R S V C R Q I K I C R R R G G C Y Y K C T N R P Y <EOS> <PAD> <PAD> <PAD> <PAD> <PAD>,"['R', 'S', 'V', 'C', 'R', 'Q', 'I', 'K', 'I', 'C', 'R', 'R', 'R', 'G', 'G', 'C', 'Y', 'Y', 'K', 'C', 'T', 'N', 'R', 'P', 'Y', '<EOS>', '<PAD>', '<PAD>', '<PAD>', '<PAD>', '<PAD>']"
CP03253,RVCFAIPLPICH,RVCFAIPLPICH,12,R V C F A I P L P I C H <EOS> <PAD> <PAD> <PAD> <PAD> <PAD> <PAD> <PAD> <PAD> <PAD> <PAD> <PAD> <PAD> <PAD> <PAD> <PAD> <PAD> <PAD> <PAD>,"['R', 'V', 'C', 'F', 'A', 'I', 'P', 'L', 'P', 'I', 'C', 'H', '<EOS>', '<PAD>', '<PAD>', '<PAD>', '<PAD>', '<PAD>', '<PAD>', '<PAD>', '<PAD>', '<PAD>', '<PAD>', '<PAD>', '<PAD>', '<PAD>', '<PAD>', '<PAD>', '<PAD>', '<PAD>', '<PAD>']"
CP03254,RVCYAIPLPICY,RVCYAIPLPICY,12,R V C Y A I P L P I C Y <EOS> <PAD> <PAD> <PAD> <PAD> <PAD> <PAD> <PAD> <PAD> <PAD> <PAD> <PAD> <PAD> <PAD> <PAD> <PAD> <PAD> <PAD> <PAD>,"['R', 'V', 'C', 'Y', 'A', 'I', 'P', 'L', 'P', 'I', 'C', 'Y', '<EOS>', '<PAD>', '<PAD>', '<PAD>', '<PAD>', '<PAD>', '<PAD>', '<PAD>', '<PAD>', '<PAD>', '<PAD>', '<PAD>', '<PAD>', '<PAD>', '<PAD>', '<PAD>', '<PAD>', '<PAD>', '<PAD>']"
CP07697,RVGDDCCVGNVGTCCS,RVGDDCCVGNVGTCCS,16,R V G D D C C V G N V G T C C S <EOS> <PAD> <PAD> <PAD> <PAD> <PAD> <PAD> <PAD> <PAD> <PAD> <PAD> <PAD> <PAD> <PAD> <PAD>,"['R', 'V', 'G', 'D', 'D', 'C', 'C', 'V', 'G', 'N', 'V', 'G', 'T', 'C', 'C', 'S', '<EOS>', '<PAD>', '<PAD>', '<PAD>', '<PAD>', '<PAD>', '<PAD>', '<PAD>', '<PAD>', '<PAD>', '<PAD>', '<PAD>', '<PAD>', '<PAD>', '<PAD>']"
CP03719,RWCFRVCYRGICYRRCR,RWCFRVCYRGICYRRCR,17,R W C F R V C Y R G I C Y R R C R <EOS> <PAD> <PAD> <PAD> <PAD> <PAD> <PAD> <PAD> <PAD> <PAD> <PAD> <PAD> <PAD> <PAD>,"['R', 'W', 'C', 'F', 'R', 'V', 'C', 'Y', 'R', 'G', 'I', 'C', 'Y', 'R', 'R', 'C', 'R', '<EOS>', '<PAD>', '<PAD>', '<PAD>', '<PAD>', '<PAD>', '<PAD>', '<PAD>', '<PAD>', '<PAD>', '<PAD>', '<PAD>', '<PAD>', '<PAD>']"
CP03542,RWCVYAYVRIRGVLVRYRRCW,RWCVYAYVRIRGVLVRYRRCW,21,R W C V Y A Y V R I R G V L V R Y R R C W <EOS> <PAD> <PAD> <PAD> <PAD> <PAD> <PAD> <PAD> <PAD> <PAD>,"['R', 'W', 'C', 'V', 'Y', 'A', 'Y', 'V', 'R', 'I', 'R', 'G', 'V', 'L', 'V', 'R', 'Y', 'R', 'R', 'C', 'W', '<EOS>', '<PAD>', '<PAD>', '<PAD>', '<PAD>', '<PAD>', '<PAD>', '<PAD>', '<PAD>', '<PAD>']"
CP08307,SACCGYKLCSPCGQA,SACCGYKLCSPCGQA,15,S A C C G Y K L C S P C G Q A <EOS> <PAD> <PAD> <PAD> <PAD> <PAD> <PAD> <PAD> <PAD> <PAD> <PAD> <PAD> <PAD> <PAD> <PAD> <PAD>,"['S', 'A', 'C', 'C', 'G', 'Y', 'K', 'L', 'C', 'S', 'P', 'C', 'G', 'Q', 'A', '<EOS>', '<PAD>', '<PAD>', '<PAD>', '<PAD>', '<PAD>', '<PAD>', '<PAD>', '<PAD>', '<PAD>', '<PAD>', '<PAD>', '<PAD>', '<PAD>', '<PAD>', '<PAD>']"
CP02869,SAIACGESCVYIPCFIPGCSCRNRVCYLN,SAIACGESCVYIPCFIPGCSCRNRVCYLN,29,S A I A C G E S C V Y I P C F I P G C S C R N R V C Y L N <EOS> <PAD>,"['S', 'A', 'I', 'A', 'C', 'G', 'E', 'S', 'C', 'V', 'Y', 'I', 'P', 'C', 'F', 'I', 'P', 'G', 'C', 'S', 'C', 'R', 'N', 'R', 'V', 'C', 'Y', 'L', 'N', '<EOS>', '<PAD>']"
CP03474,SALVGCGTKSYPPKPCFGR,SALVGCGTKSYPPKPCFGR,19,S A L V G C G T K S Y P P K P C F G R <EOS> <PAD> <PAD> <PAD> <PAD> <PAD> <PAD> <PAD> <PAD> <PAD> <PAD> <PAD>,"['S', 'A', 'L', 'V', 'G', 'C', 'G', 'T', 'K', 'S', 'Y', 'P', 'P', 'K', 'P', 'C', 'F', 'G', 'R', '<EOS>', '<PAD>', '<PAD>', '<PAD>', '<PAD>', '<PAD>', '<PAD>', '<PAD>', '<PAD>', '<PAD>', '<PAD>', '<PAD>']"
CP03476,SALVGCWTKSWPPKPCFGRG,SALVGCWTKSWPPKPCFGRG,20,S A L V G C W T K S W P P K P C F G R G <EOS> <PAD> <PAD> <PAD> <PAD> <PAD> <PAD> <PAD> <PAD> <PAD> <PAD>,"['S', 'A', 'L', 'V', 'G', 'C', 'W', 'T', 'K', 'S', 'W', 'P', 'P', 'K', 'P', 'C', 'F', 'G', 'R', 'G', '<EOS>', '<PAD>', '<PAD>', '<PAD>', '<PAD>', '<PAD>', '<PAD>', '<PAD>', '<PAD>', '<PAD>', '<PAD>']"
CP03475,SALVGCWTKSYPPNPCFGRG,SALVGCWTKSYPPNPCFGRG,20,S A L V G C W T K S Y P P N P C F G R G <EOS> <PAD> <PAD> <PAD> <PAD> <PAD> <PAD> <PAD> <PAD> <PAD> <PAD>,"['S', 'A', 'L', 'V', 'G', 'C', 'W', 'T', 'K', 'S', 'Y', 'P', 'P', 'N', 'P', 'C', 'F', 'G', 'R', 'G', '<EOS>', '<PAD>', '<PAD>', '<PAD>', '<PAD>', '<PAD>', '<PAD>', '<PAD>', '<PAD>', '<PAD>', '<PAD>']"
CP02021,SANSNPALAPRERKAGCKNFFWKTYTSC,SANSNPALAPRERKAGCKNFFWKTYTSC,28,S A N S N P A L A P R E R K A G C K N F F W K T Y T S C <EOS> <PAD> <PAD>,"['S', 'A', 'N', 'S', 'N', 'P', 'A', 'L', 'A', 'P', 'R', 'E', 'R', 'K', 'A', 'G', 'C', 'K', 'N', 'F', 'F', 'W', 'K', 'T', 'Y', 'T', 'S', 'C', '<EOS>', '<PAD>', '<PAD>']"
CP01717,SANSNPAMAPAEAKAGCKNFFWKTFTSC,SANSNPAMAPAEAKAGCKNFFWKTFTSC,28,S A N S N P A M A P A E A K A G C K N F F W K T F T S C <EOS> <PAD> <PAD>,"['S', 'A', 'N', 'S', 'N', 'P', 'A', 'M', 'A', 'P', 'A', 'E', 'A', 'K', 'A', 'G', 'C', 'K', 'N', 'F', 'F', 'W', 'K', 'T', 'F', 'T', 'S', 'C', '<EOS>', '<PAD>', '<PAD>']"
CP03468,SAPRGCWTKSYPPKPCK,SAPRGCWTKSYPPKPCK,17,S A P R G C W T K S Y P P K P C K <EOS> <PAD> <PAD> <PAD> <PAD> <PAD> <PAD> <PAD> <PAD> <PAD> <PAD> <PAD> <PAD> <PAD>,"['S', 'A', 'P', 'R', 'G', 'C', 'W', 'T', 'K', 'S', 'Y', 'P', 'P', 'K', 'P', 'C', 'K', '<EOS>', '<PAD>', '<PAD>', '<PAD>', '<PAD>', '<PAD>', '<PAD>', '<PAD>', '<PAD>', '<PAD>', '<PAD>', '<PAD>', '<PAD>', '<PAD>']"
CP07599,SCAQSGLSCDTRPCCDDKPCVPNGRQSMCG,SCAQSGLSCDTRPCCDDKPCVPNGRQSMCG,30,S C A Q S G L S C D T R P C C D D K P C V P N G R Q S M C G <EOS>,"['S', 'C', 'A', 'Q', 'S', 'G', 'L', 'S', 'C', 'D', 'T', 'R', 'P', 'C', 'C', 'D', 'D', 'K', 'P', 'C', 'V', 'P', 'N', 'G', 'R', 'Q', 'S', 'M', 'C', 'G', '<EOS>']"
CP09246;CP09257,SCCAANPACRHNHPCV,SCCAANPACRHNHPCV,16,S C C A A N P A C R H N H P C V <EOS> <PAD> <PAD> <PAD> <PAD> <PAD> <PAD> <PAD> <PAD> <PAD> <PAD> <PAD> <PAD> <PAD> <PAD>,"['S', 'C', 'C', 'A', 'A', 'N', 'P', 'A', 'C', 'R', 'H', 'N', 'H', 'P', 'C', 'V', '<EOS>', '<PAD>', '<PAD>', '<PAD>', '<PAD>', '<PAD>', '<PAD>', '<PAD>', '<PAD>', '<PAD>', '<PAD>', '<PAD>', '<PAD>', '<PAD>', '<PAD>']"
CP09248;CP09259,SCCARNAACRHNHPCV,SCCARNAACRHNHPCV,16,S C C A R N A A C R H N H P C V <EOS> <PAD> <PAD> <PAD> <PAD> <PAD> <PAD> <PAD> <PAD> <PAD> <PAD> <PAD> <PAD> <PAD> <PAD>,"['S', 'C', 'C', 'A', 'R', 'N', 'A', 'A', 'C', 'R', 'H', 'N', 'H', 'P', 'C', 'V', '<EOS>', '<PAD>', '<PAD>', '<PAD>', '<PAD>', '<PAD>', '<PAD>', '<PAD>', '<PAD>', '<PAD>', '<PAD>', '<PAD>', '<PAD>', '<PAD>', '<PAD>']"
CP09249;CP09260,SCCARNPACAHNHPCV,SCCARNPACAHNHPCV,16,S C C A R N P A C A H N H P C V <EOS> <PAD> <PAD> <PAD> <PAD> <PAD> <PAD> <PAD> <PAD> <PAD> <PAD> <PAD> <PAD> <PAD> <PAD>,"['S', 'C', 'C', 'A', 'R', 'N', 'P', 'A', 'C', 'A', 'H', 'N', 'H', 'P', 'C', 'V', '<EOS>', '<PAD>', '<PAD>', '<PAD>', '<PAD>', '<PAD>', '<PAD>', '<PAD>', '<PAD>', '<PAD>', '<PAD>', '<PAD>', '<PAD>', '<PAD>', '<PAD>']"
CP09250;CP09261,SCCARNPACRLNHPCV,SCCARNPACRLNHPCV,16,S C C A R N P A C R L N H P C V <EOS> <PAD> <PAD> <PAD> <PAD> <PAD> <PAD> <PAD> <PAD> <PAD> <PAD> <PAD> <PAD> <PAD> <PAD>,"['S', 'C', 'C', 'A', 'R', 'N', 'P', 'A', 'C', 'R', 'L', 'N', 'H', 'P', 'C', 'V', '<EOS>', '<PAD>', '<PAD>', '<PAD>', '<PAD>', '<PAD>', '<PAD>', '<PAD>', '<PAD>', '<PAD>', '<PAD>', '<PAD>', '<PAD>', '<PAD>', '<PAD>']"
CP09008;CP09045,SCCNAGFCRFGCTPCCY,SCCNAGFCRFGCTPCCY,17,S C C N A G F C R F G C T P C C Y <EOS> <PAD> <PAD> <PAD> <PAD> <PAD> <PAD> <PAD> <PAD> <PAD> <PAD> <PAD> <PAD> <PAD>,"['S', 'C', 'C', 'N', 'A', 'G', 'F', 'C', 'R', 'F', 'G', 'C', 'T', 'P', 'C', 'C', 'Y', '<EOS>', '<PAD>', '<PAD>', '<PAD>', '<PAD>', '<PAD>', '<PAD>', '<PAD>', '<PAD>', '<PAD>', '<PAD>', '<PAD>', '<PAD>', '<PAD>']"
CP06225,SCCPEEPCCFW,SCCPEEPCCFW,11,S C C P E E P C C F W <EOS> <PAD> <PAD> <PAD> <PAD> <PAD> <PAD> <PAD> <PAD> <PAD> <PAD> <PAD> <PAD> <PAD> <PAD> <PAD> <PAD> <PAD> <PAD> <PAD>,"['S', 'C', 'C', 'P', 'E', 'E', 'P', 'C', 'C', 'F', 'W', '<EOS>', '<PAD>', '<PAD>', '<PAD>', '<PAD>', '<PAD>', '<PAD>', '<PAD>', '<PAD>', '<PAD>', '<PAD>', '<PAD>', '<PAD>', '<PAD>', '<PAD>', '<PAD>', '<PAD>', '<PAD>', '<PAD>', '<PAD>']"
CP06217,SCCPNNPACCH,SCCPNNPACCH,11,S C C P N N P A C C H <EOS> <PAD> <PAD> <PAD> <PAD> <PAD> <PAD> <PAD> <PAD> <PAD> <PAD> <PAD> <PAD> <PAD> <PAD> <PAD> <PAD> <PAD> <PAD> <PAD>,"['S', 'C', 'C', 'P', 'N', 'N', 'P', 'A', 'C', 'C', 'H', '<EOS>', '<PAD>', '<PAD>', '<PAD>', '<PAD>', '<PAD>', '<PAD>', '<PAD>', '<PAD>', '<PAD>', '<PAD>', '<PAD>', '<PAD>', '<PAD>', '<PAD>', '<PAD>', '<PAD>', '<PAD>', '<PAD>', '<PAD>']"
CP06169,SCCPQEFLCCLYLVK,SCCPQEFLCCLYLVK,15,S C C P Q E F L C C L Y L V K <EOS> <PAD> <PAD> <PAD> <PAD> <PAD> <PAD> <PAD> <PAD> <PAD> <PAD> <PAD> <PAD> <PAD> <PAD> <PAD>,"['S', 'C', 'C', 'P', 'Q', 'E', 'F', 'L', 'C', 'C', 'L', 'Y', 'L', 'V', 'K', '<EOS>', '<PAD>', '<PAD>', '<PAD>', '<PAD>', '<PAD>', '<PAD>', '<PAD>', '<PAD>', '<PAD>', '<PAD>', '<PAD>', '<PAD>', '<PAD>', '<PAD>', '<PAD>']"
CP06521,SCCPREFLCCL,SCCPREFLCCL,11,S C C P R E F L C C L <EOS> <PAD> <PAD> <PAD> <PAD> <PAD> <PAD> <PAD> <PAD> <PAD> <PAD> <PAD> <PAD> <PAD> <PAD> <PAD> <PAD> <PAD> <PAD> <PAD>,"['S', 'C', 'C', 'P', 'R', 'E', 'F', 'L', 'C', 'C', 'L', '<EOS>', '<PAD>', '<PAD>', '<PAD>', '<PAD>', '<PAD>', '<PAD>', '<PAD>', '<PAD>', '<PAD>', '<PAD>', '<PAD>', '<PAD>', '<PAD>', '<PAD>', '<PAD>', '<PAD>', '<PAD>', '<PAD>', '<PAD>']"
CP06205,SCCPTILSCCFV,SCCPTILSCCFV,12,S C C P T I L S C C F V <EOS> <PAD> <PAD> <PAD> <PAD> <PAD> <PAD> <PAD> <PAD> <PAD> <PAD> <PAD> <PAD> <PAD> <PAD> <PAD> <PAD> <PAD> <PAD>,"['S', 'C', 'C', 'P', 'T', 'I', 'L', 'S', 'C', 'C', 'F', 'V', '<EOS>', '<PAD>', '<PAD>', '<PAD>', '<PAD>', '<PAD>', '<PAD>', '<PAD>', '<PAD>', '<PAD>', '<PAD>', '<PAD>', '<PAD>', '<PAD>', '<PAD>', '<PAD>', '<PAD>', '<PAD>', '<PAD>']"
CP06799,SCCSDSDCNANHPDMCS,SCCSDSDCNANHPDMCS,17,S C C S D S D C N A N H P D M C S <EOS> <PAD> <PAD> <PAD> <PAD> <PAD> <PAD> <PAD> <PAD> <PAD> <PAD> <PAD> <PAD> <PAD>,"['S', 'C', 'C', 'S', 'D', 'S', 'D', 'C', 'N', 'A', 'N', 'H', 'P', 'D', 'M', 'C', 'S', '<EOS>', '<PAD>', '<PAD>', '<PAD>', '<PAD>', '<PAD>', '<PAD>', '<PAD>', '<PAD>', '<PAD>', '<PAD>', '<PAD>', '<PAD>', '<PAD>']"
CP09244;CP09255,SCCSRNPACRHNHPCV,SCCSRNPACRHNHPCV,16,S C C S R N P A C R H N H P C V <EOS> <PAD> <PAD> <PAD> <PAD> <PAD> <PAD> <PAD> <PAD> <PAD> <PAD> <PAD> <PAD> <PAD> <PAD>,"['S', 'C', 'C', 'S', 'R', 'N', 'P', 'A', 'C', 'R', 'H', 'N', 'H', 'P', 'C', 'V', '<EOS>', '<PAD>', '<PAD>', '<PAD>', '<PAD>', '<PAD>', '<PAD>', '<PAD>', '<PAD>', '<PAD>', '<PAD>', '<PAD>', '<PAD>', '<PAD>', '<PAD>']"
CP07411,SCDQTGEPCVLNEQCCYGWCTNHGTCY,SCDQTGEPCVLNEQCCYGWCTNHGTCY,27,S C D Q T G E P C V L N E Q C C Y G W C T N H G T C Y <EOS> <PAD> <PAD> <PAD>,"['S', 'C', 'D', 'Q', 'T', 'G', 'E', 'P', 'C', 'V', 'L', 'N', 'E', 'Q', 'C', 'C', 'Y', 'G', 'W', 'C', 'T', 'N', 'H', 'G', 'T', 'C', 'Y', '<EOS>', '<PAD>', '<PAD>', '<PAD>']"
CP07651,SCGHSGAGCYSRPCCPGLHCSGTHAGGMCV,SCGHSGAGCYSRPCCPGLHCSGTHAGGMCV,30,S C G H S G A G C Y S R P C C P G L H C S G T H A G G M C V <EOS>,"['S', 'C', 'G', 'H', 'S', 'G', 'A', 'G', 'C', 'Y', 'S', 'R', 'P', 'C', 'C', 'P', 'G', 'L', 'H', 'C', 'S', 'G', 'T', 'H', 'A', 'G', 'G', 'M', 'C', 'V', '<EOS>']"
CP06518,SCGHSGAGCYTRPCCPGLHCSGGHAGGLCV,SCGHSGAGCYTRPCCPGLHCSGGHAGGLCV,30,S C G H S G A G C Y T R P C C P G L H C S G G H A G G L C V <EOS>,"['S', 'C', 'G', 'H', 'S', 'G', 'A', 'G', 'C', 'Y', 'T', 'R', 'P', 'C', 'C', 'P', 'G', 'L', 'H', 'C', 'S', 'G', 'G', 'H', 'A', 'G', 'G', 'L', 'C', 'V', '<EOS>']"
CP06444,SCGNLGESCSAHRCCPGLMCMGEASICIPY,SCGNLGESCSAHRCCPGLMCMGEASICIPY,30,S C G N L G E S C S A H R C C P G L M C M G E A S I C I P Y <EOS>,"['S', 'C', 'G', 'N', 'L', 'G', 'E', 'S', 'C', 'S', 'A', 'H', 'R', 'C', 'C', 'P', 'G', 'L', 'M', 'C', 'M', 'G', 'E', 'A', 'S', 'I', 'C', 'I', 'P', 'Y', '<EOS>']"
CP07647,SCGNLHESCSAHRCCPGLMCFTLPTPICIW,SCGNLHESCSAHRCCPGLMCFTLPTPICIW,30,S C G N L H E S C S A H R C C P G L M C F T L P T P I C I W <EOS>,"['S', 'C', 'G', 'N', 'L', 'H', 'E', 'S', 'C', 'S', 'A', 'H', 'R', 'C', 'C', 'P', 'G', 'L', 'M', 'C', 'F', 'T', 'L', 'P', 'T', 'P', 'I', 'C', 'I', 'W', '<EOS>']"
CP07481,SCGNLHESCSAHRCCPGLMCNGEASICVPY,SCGNLHESCSAHRCCPGLMCNGEASICVPY,30,S C G N L H E S C S A H R C C P G L M C N G E A S I C V P Y <EOS>,"['S', 'C', 'G', 'N', 'L', 'H', 'E', 'S', 'C', 'S', 'A', 'H', 'R', 'C', 'C', 'P', 'G', 'L', 'M', 'C', 'N', 'G', 'E', 'A', 'S', 'I', 'C', 'V', 'P', 'Y', '<EOS>']"
CP06798,SCGRRGKPCPCCRGFRCTGSFCRKWQ,SCGRRGKPCPCCRGFRCTGSFCRKWQ,26,S C G R R G K P C P C C R G F R C T G S F C R K W Q <EOS> <PAD> <PAD> <PAD> <PAD>,"['S', 'C', 'G', 'R', 'R', 'G', 'K', 'P', 'C', 'P', 'C', 'C', 'R', 'G', 'F', 'R', 'C', 'T', 'G', 'S', 'F', 'C', 'R', 'K', 'W', 'Q', '<EOS>', '<PAD>', '<PAD>', '<PAD>', '<PAD>']"
CP07940,SCIEKGDFCGWVILSESCCTGFCFYVCI,SCIEKGDFCGWVILSESCCTGFCFYVCI,28,S C I E K G D F C G W V I L S E S C C T G F C F Y V C I <EOS> <PAD> <PAD>,"['S', 'C', 'I', 'E', 'K', 'G', 'D', 'F', 'C', 'G', 'W', 'V', 'I', 'L', 'S', 'E', 'S', 'C', 'C', 'T', 'G', 'F', 'C', 'F', 'Y', 'V', 'C', 'I', '<EOS>', '<PAD>', '<PAD>']"
CP08229,SCKERASSCETPSECCSGVCRTRIFYLC,SCKERASSCETPSECCSGVCRTRIFYLC,28,S C K E R A S S C E T P S E C C S G V C R T R I F Y L C <EOS> <PAD> <PAD>,"['S', 'C', 'K', 'E', 'R', 'A', 'S', 'S', 'C', 'E', 'T', 'P', 'S', 'E', 'C', 'C', 'S', 'G', 'V', 'C', 'R', 'T', 'R', 'I', 'F', 'Y', 'L', 'C', '<EOS>', '<PAD>', '<PAD>']"
CP07492,SCLAPDSWCIMDVDECCETCVLFWCT,SCLAPDSWCIMDVDECCETCVLFWCT,26,S C L A P D S W C I M D V D E C C E T C V L F W C T <EOS> <PAD> <PAD> <PAD> <PAD>,"['S', 'C', 'L', 'A', 'P', 'D', 'S', 'W', 'C', 'I', 'M', 'D', 'V', 'D', 'E', 'C', 'C', 'E', 'T', 'C', 'V', 'L', 'F', 'W', 'C', 'T', '<EOS>', '<PAD>', '<PAD>', '<PAD>', '<PAD>']"
CP05927,SCNNSCQQHSQCASHCVCLLNKCRTVN,SCNNSCQQHSQCASHCVCLLNKCRTVN,27,S C N N S C Q Q H S Q C A S H C V C L L N K C R T V N <EOS> <PAD> <PAD> <PAD>,"['S', 'C', 'N', 'N', 'S', 'C', 'Q', 'Q', 'H', 'S', 'Q', 'C', 'A', 'S', 'H', 'C', 'V', 'C', 'L', 'L', 'N', 'K', 'C', 'R', 'T', 'V', 'N', '<EOS>', '<PAD>', '<PAD>', '<PAD>']"
CP08009,SCNNSCQSHSDCASHCICTFRGCGAVNGLP,SCNNSCQSHSDCASHCICTFRGCGAVNGLP,30,S C N N S C Q S H S D C A S H C I C T F R G C G A V N G L P <EOS>,"['S', 'C', 'N', 'N', 'S', 'C', 'Q', 'S', 'H', 'S', 'D', 'C', 'A', 'S', 'H', 'C', 'I', 'C', 'T', 'F', 'R', 'G', 'C', 'G', 'A', 'V', 'N', 'G', 'L', 'P', '<EOS>']"
CP07034,SCSDDWQYCEYPHDCCSWSCDVVCS,SCSDDWQYCEYPHDCCSWSCDVVCS,25,S C S D D W Q Y C E Y P H D C C S W S C D V V C S <EOS> <PAD> <PAD> <PAD> <PAD> <PAD>,"['S', 'C', 'S', 'D', 'D', 'W', 'Q', 'Y', 'C', 'E', 'Y', 'P', 'H', 'D', 'C', 'C', 'S', 'W', 'S', 'C', 'D', 'V', 'V', 'C', 'S', '<EOS>', '<PAD>', '<PAD>', '<PAD>', '<PAD>', '<PAD>']"
CP06433,SCSGSGYGCKNTPCCAGLTCRGPRQGPICL,SCSGSGYGCKNTPCCAGLTCRGPRQGPICL,30,S C S G S G Y G C K N T P C C A G L T C R G P R Q G P I C L <EOS>,"['S', 'C', 'S', 'G', 'S', 'G', 'Y', 'G', 'C', 'K', 'N', 'T', 'P', 'C', 'C', 'A', 'G', 'L', 'T', 'C', 'R', 'G', 'P', 'R', 'Q', 'G', 'P', 'I', 'C', 'L', '<EOS>']"
CP07502,SCTGSCSSSSFCPPGCDCFHAECT,SCTGSCSSSSFCPPGCDCFHAECT,24,S C T G S C S S S S F C P P G C D C F H A E C T <EOS> <PAD> <PAD> <PAD> <PAD> <PAD> <PAD>,"['S', 'C', 'T', 'G', 'S', 'C', 'S', 'S', 'S', 'S', 'F', 'C', 'P', 'P', 'G', 'C', 'D', 'C', 'F', 'H', 'A', 'E', 'C', 'T', '<EOS>', '<PAD>', '<PAD>', '<PAD>', '<PAD>', '<PAD>', '<PAD>']"
CP07821,SCTPPGGPCGYYNNCCSHQCNINRNKCE,SCTPPGGPCGYYNNCCSHQCNINRNKCE,28,S C T P P G G P C G Y Y N N C C S H Q C N I N R N K C E <EOS> <PAD> <PAD>,"['S', 'C', 'T', 'P', 'P', 'G', 'G', 'P', 'C', 'G', 'Y', 'Y', 'N', 'N', 'C', 'C', 'S', 'H', 'Q', 'C', 'N', 'I', 'N', 'R', 'N', 'K', 'C', 'E', '<EOS>', '<PAD>', '<PAD>']"
CP03657,SCTTCECSCSCSS,SCTTCECSCSCSS,13,S C T T C E C S C S C S S <EOS> <PAD> <PAD> <PAD> <PAD> <PAD> <PAD> <PAD> <PAD> <PAD> <PAD> <PAD> <PAD> <PAD> <PAD> <PAD> <PAD> <PAD>,"['S', 'C', 'T', 'T', 'C', 'E', 'C', 'S', 'C', 'S', 'C', 'S', 'S', '<EOS>', '<PAD>', '<PAD>', '<PAD>', '<PAD>', '<PAD>', '<PAD>', '<PAD>', '<PAD>', '<PAD>', '<PAD>', '<PAD>', '<PAD>', '<PAD>', '<PAD>', '<PAD>', '<PAD>', '<PAD>']"
CP07412,SCVPIGRPCASNEQCCTRWCTPRRIC,SCVPIGRPCASNEQCCTRWCTPRRIC,26,S C V P I G R P C A S N E Q C C T R W C T P R R I C <EOS> <PAD> <PAD> <PAD> <PAD>,"['S', 'C', 'V', 'P', 'I', 'G', 'R', 'P', 'C', 'A', 'S', 'N', 'E', 'Q', 'C', 'C', 'T', 'R', 'W', 'C', 'T', 'P', 'R', 'R', 'I', 'C', '<EOS>', '<PAD>', '<PAD>', '<PAD>', '<PAD>']"
CP03116,SCVYIPCTITALLGCSCKNKVCYNGIPCAE,SCVYIPCTITALLGCSCKNKVCYNGIPCAE,30,S C V Y I P C T I T A L L G C S C K N K V C Y N G I P C A E <EOS>,"['S', 'C', 'V', 'Y', 'I', 'P', 'C', 'T', 'I', 'T', 'A', 'L', 'L', 'G', 'C', 'S', 'C', 'K', 'N', 'K', 'V', 'C', 'Y', 'N', 'G', 'I', 'P', 'C', 'A', 'E', '<EOS>']"
CP06960,SDCSGMSDGTSCGDTGVCQNGLCMGAGS,SDCSGMSDGTSCGDTGVCQNGLCMGAGS,28,S D C S G M S D G T S C G D T G V C Q N G L C M G A G S <EOS> <PAD> <PAD>,"['S', 'D', 'C', 'S', 'G', 'M', 'S', 'D', 'G', 'T', 'S', 'C', 'G', 'D', 'T', 'G', 'V', 'C', 'Q', 'N', 'G', 'L', 'C', 'M', 'G', 'A', 'G', 'S', '<EOS>', '<PAD>', '<PAD>']"
CP05793,SDTGYCNESCGTNECTTLGCICRKKVCVID,SDTGYCNESCGTNECTTLGCICRKKVCVID,30,S D T G Y C N E S C G T N E C T T L G C I C R K K V C V I D <EOS>,"['S', 'D', 'T', 'G', 'Y', 'C', 'N', 'E', 'S', 'C', 'G', 'T', 'N', 'E', 'C', 'T', 'T', 'L', 'G', 'C', 'I', 'C', 'R', 'K', 'K', 'V', 'C', 'V', 'I', 'D', '<EOS>']"
CP07346,SDWFAWVIHSCCSNPPCAHVNC,SDWFAWVIHSCCSNPPCAHVNC,22,S D W F A W V I H S C C S N P P C A H V N C <EOS> <PAD> <PAD> <PAD> <PAD> <PAD> <PAD> <PAD> <PAD>,"['S', 'D', 'W', 'F', 'A', 'W', 'V', 'I', 'H', 'S', 'C', 'C', 'S', 'N', 'P', 'P', 'C', 'A', 'H', 'V', 'N', 'C', '<EOS>', '<PAD>', '<PAD>', '<PAD>', '<PAD>', '<PAD>', '<PAD>', '<PAD>', '<PAD>']"
CP07223,SEQCCHLAACRFGCTPCCW,SEQCCHLAACRFGCTPCCW,19,S E Q C C H L A A C R F G C T P C C W <EOS> <PAD> <PAD> <PAD> <PAD> <PAD> <PAD> <PAD> <PAD> <PAD> <PAD> <PAD>,"['S', 'E', 'Q', 'C', 'C', 'H', 'L', 'A', 'A', 'C', 'R', 'F', 'G', 'C', 'T', 'P', 'C', 'C', 'W', '<EOS>', '<PAD>', '<PAD>', '<PAD>', '<PAD>', '<PAD>', '<PAD>', '<PAD>', '<PAD>', '<PAD>', '<PAD>', '<PAD>']"
CP03640,SFHVFPPWMCKSLKKC,SFHVFPPWMCKSLKKC,16,S F H V F P P W M C K S L K K C <EOS> <PAD> <PAD> <PAD> <PAD> <PAD> <PAD> <PAD> <PAD> <PAD> <PAD> <PAD> <PAD> <PAD> <PAD>,"['S', 'F', 'H', 'V', 'F', 'P', 'P', 'W', 'M', 'C', 'K', 'S', 'L', 'K', 'K', 'C', '<EOS>', '<PAD>', '<PAD>', '<PAD>', '<PAD>', '<PAD>', '<PAD>', '<PAD>', '<PAD>', '<PAD>', '<PAD>', '<PAD>', '<PAD>', '<PAD>', '<PAD>']"
CP08243,SFKLVCGKGCKSRPDCPTECFCYMDMC,SFKLVCGKGCKSRPDCPTECFCYMDMC,27,S F K L V C G K G C K S R P D C P T E C F C Y M D M C <EOS> <PAD> <PAD> <PAD>,"['S', 'F', 'K', 'L', 'V', 'C', 'G', 'K', 'G', 'C', 'K', 'S', 'R', 'P', 'D', 'C', 'P', 'T', 'E', 'C', 'F', 'C', 'Y', 'M', 'D', 'M', 'C', '<EOS>', '<PAD>', '<PAD>', '<PAD>']"
CP03639,SFPFFPPGICKRLKRC,SFPFFPPGICKRLKRC,16,S F P F F P P G I C K R L K R C <EOS> <PAD> <PAD> <PAD> <PAD> <PAD> <PAD> <PAD> <PAD> <PAD> <PAD> <PAD> <PAD> <PAD> <PAD>,"['S', 'F', 'P', 'F', 'F', 'P', 'P', 'G', 'I', 'C', 'K', 'R', 'L', 'K', 'R', 'C', '<EOS>', '<PAD>', '<PAD>', '<PAD>', '<PAD>', '<PAD>', '<PAD>', '<PAD>', '<PAD>', '<PAD>', '<PAD>', '<PAD>', '<PAD>', '<PAD>', '<PAD>']"
CP07719,SFTINCCKIPSCFAKYGSKCSEVH,SFTINCCKIPSCFAKYGSKCSEVH,24,S F T I N C C K I P S C F A K Y G S K C S E V H <EOS> <PAD> <PAD> <PAD> <PAD> <PAD> <PAD>,"['S', 'F', 'T', 'I', 'N', 'C', 'C', 'K', 'I', 'P', 'S', 'C', 'F', 'A', 'K', 'Y', 'G', 'S', 'K', 'C', 'S', 'E', 'V', 'H', '<EOS>', '<PAD>', '<PAD>', '<PAD>', '<PAD>', '<PAD>', '<PAD>']"
CP08349,SGCCKHPACGKNRC,SGCCKHPACGKNRC,14,S G C C K H P A C G K N R C <EOS> <PAD> <PAD> <PAD> <PAD> <PAD> <PAD> <PAD> <PAD> <PAD> <PAD> <PAD> <PAD> <PAD> <PAD> <PAD> <PAD>,"['S', 'G', 'C', 'C', 'K', 'H', 'P', 'A', 'C', 'G', 'K', 'N', 'R', 'C', '<EOS>', '<PAD>', '<PAD>', '<PAD>', '<PAD>', '<PAD>', '<PAD>', '<PAD>', '<PAD>', '<PAD>', '<PAD>', '<PAD>', '<PAD>', '<PAD>', '<PAD>', '<PAD>', '<PAD>']"
CP07893,SGCCSNPACRVNNPNIC,SGCCSNPACRVNNPNIC,17,S G C C S N P A C R V N N P N I C <EOS> <PAD> <PAD> <PAD> <PAD> <PAD> <PAD> <PAD> <PAD> <PAD> <PAD> <PAD> <PAD> <PAD>,"['S', 'G', 'C', 'C', 'S', 'N', 'P', 'A', 'C', 'R', 'V', 'N', 'N', 'P', 'N', 'I', 'C', '<EOS>', '<PAD>', '<PAD>', '<PAD>', '<PAD>', '<PAD>', '<PAD>', '<PAD>', '<PAD>', '<PAD>', '<PAD>', '<PAD>', '<PAD>', '<PAD>']"
CP03157,SGIPCTIGVSIAVCPTTKCSKRCGKRKK,SGIPCTIGVSIAVCPTTKCSKRCGKRKK,28,S G I P C T I G V S I A V C P T T K C S K R C G K R K K <EOS> <PAD> <PAD>,"['S', 'G', 'I', 'P', 'C', 'T', 'I', 'G', 'V', 'S', 'I', 'A', 'V', 'C', 'P', 'T', 'T', 'K', 'C', 'S', 'K', 'R', 'C', 'G', 'K', 'R', 'K', 'K', '<EOS>', '<PAD>', '<PAD>']"
CP05201,SIADDDVMNDNLDFLNVPQYGRNPDYMG,SIADDDVMNDNLDFLNVPQYGRNPDYMG,28,S I A D D D V M N D N L D F L N V P Q Y G R N P D Y M G <EOS> <PAD> <PAD>,"['S', 'I', 'A', 'D', 'D', 'D', 'V', 'M', 'N', 'D', 'N', 'L', 'D', 'F', 'L', 'N', 'V', 'P', 'Q', 'Y', 'G', 'R', 'N', 'P', 'D', 'Y', 'M', 'G', '<EOS>', '<PAD>', '<PAD>']"
CP05688,SIGCGESCVYLGCFIIPACRTCRNNACYLN,SIGCGESCVYLGCFIIPACRTCRNNACYLN,30,S I G C G E S C V Y L G C F I I P A C R T C R N N A C Y L N <EOS>,"['S', 'I', 'G', 'C', 'G', 'E', 'S', 'C', 'V', 'Y', 'L', 'G', 'C', 'F', 'I', 'I', 'P', 'A', 'C', 'R', 'T', 'C', 'R', 'N', 'N', 'A', 'C', 'Y', 'L', 'N', '<EOS>']"
CP06404,SIIDSVKTFCCSTFNLGICCS,SIIDSVKTFCCSTFNLGICCS,21,S I I D S V K T F C C S T F N L G I C C S <EOS> <PAD> <PAD> <PAD> <PAD> <PAD> <PAD> <PAD> <PAD> <PAD>,"['S', 'I', 'I', 'D', 'S', 'V', 'K', 'T', 'F', 'C', 'C', 'S', 'T', 'F', 'N', 'L', 'G', 'I', 'C', 'C', 'S', '<EOS>', '<PAD>', '<PAD>', '<PAD>', '<PAD>', '<PAD>', '<PAD>', '<PAD>', '<PAD>', '<PAD>']"
CP03225,SIITMTKEAKLPQLWKQIACRLYNTC,SIITMTKEAKLPQLWKQIACRLYNTC,26,S I I T M T K E A K L P Q L W K Q I A C R L Y N T C <EOS> <PAD> <PAD> <PAD> <PAD>,"['S', 'I', 'I', 'T', 'M', 'T', 'K', 'E', 'A', 'K', 'L', 'P', 'Q', 'L', 'W', 'K', 'Q', 'I', 'A', 'C', 'R', 'L', 'Y', 'N', 'T', 'C', '<EOS>', '<PAD>', '<PAD>', '<PAD>', '<PAD>']"
CP03304,SILSGNFGVGKKIVCGLSGLC,SILSGNFGVGKKIVCGLSGLC,21,S I L S G N F G V G K K I V C G L S G L C <EOS> <PAD> <PAD> <PAD> <PAD> <PAD> <PAD> <PAD> <PAD> <PAD>,"['S', 'I', 'L', 'S', 'G', 'N', 'F', 'G', 'V', 'G', 'K', 'K', 'I', 'V', 'C', 'G', 'L', 'S', 'G', 'L', 'C', '<EOS>', '<PAD>', '<PAD>', '<PAD>', '<PAD>', '<PAD>', '<PAD>', '<PAD>', '<PAD>', '<PAD>']"
CP05638,SIPCGESCVFIPCFTGVVGCGCTNKVCYIN,SIPCGESCVFIPCFTGVVGCGCTNKVCYIN,30,S I P C G E S C V F I P C F T G V V G C G C T N K V C Y I N <EOS>,"['S', 'I', 'P', 'C', 'G', 'E', 'S', 'C', 'V', 'F', 'I', 'P', 'C', 'F', 'T', 'G', 'V', 'V', 'G', 'C', 'G', 'C', 'T', 'N', 'K', 'V', 'C', 'Y', 'I', 'N', '<EOS>']"
CP02855,SIPCGESCVWIPCTITALAGCKCKSKVCYN,SIPCGESCVWIPCTITALAGCKCKSKVCYN,30,S I P C G E S C V W I P C T I T A L A G C K C K S K V C Y N <EOS>,"['S', 'I', 'P', 'C', 'G', 'E', 'S', 'C', 'V', 'W', 'I', 'P', 'C', 'T', 'I', 'T', 'A', 'L', 'A', 'G', 'C', 'K', 'C', 'K', 'S', 'K', 'V', 'C', 'Y', 'N', '<EOS>']"
CP04019,SIPCGESCVYIPCLTTIVGCSCKNSVCYSN,SIPCGESCVYIPCLTTIVGCSCKNSVCYSN,30,S I P C G E S C V Y I P C L T T I V G C S C K N S V C Y S N <EOS>,"['S', 'I', 'P', 'C', 'G', 'E', 'S', 'C', 'V', 'Y', 'I', 'P', 'C', 'L', 'T', 'T', 'I', 'V', 'G', 'C', 'S', 'C', 'K', 'N', 'S', 'V', 'C', 'Y', 'S', 'N', '<EOS>']"
CP05650,SIPCGETCVWLPCFIVPGCSCKDKVCYIN,SIPCGETCVWLPCFIVPGCSCKDKVCYIN,29,S I P C G E T C V W L P C F I V P G C S C K D K V C Y I N <EOS> <PAD>,"['S', 'I', 'P', 'C', 'G', 'E', 'T', 'C', 'V', 'W', 'L', 'P', 'C', 'F', 'I', 'V', 'P', 'G', 'C', 'S', 'C', 'K', 'D', 'K', 'V', 'C', 'Y', 'I', 'N', '<EOS>', '<PAD>']"
CP02900,SISCGETCTTFNCWIPNCKCNHHDKVCYWN,SISCGETCTTFNCWIPNCKCNHHDKVCYWN,30,S I S C G E T C T T F N C W I P N C K C N H H D K V C Y W N <EOS>,"['S', 'I', 'S', 'C', 'G', 'E', 'T', 'C', 'T', 'T', 'F', 'N', 'C', 'W', 'I', 'P', 'N', 'C', 'K', 'C', 'N', 'H', 'H', 'D', 'K', 'V', 'C', 'Y', 'W', 'N', '<EOS>']"
CP04918,SIVDDNIANDVNLDLLTVPQYGRNIDQTG,SIVDDNIANDVNLDLLTVPQYGRNIDQTG,29,S I V D D N I A N D V N L D L L T V P Q Y G R N I D Q T G <EOS> <PAD>,"['S', 'I', 'V', 'D', 'D', 'N', 'I', 'A', 'N', 'D', 'V', 'N', 'L', 'D', 'L', 'L', 'T', 'V', 'P', 'Q', 'Y', 'G', 'R', 'N', 'I', 'D', 'Q', 'T', 'G', '<EOS>', '<PAD>']"
CP05736,SKDNCGESCFAGKCYTPGCTCEYPICMNN,SKDNCGESCFAGKCYTPGCTCEYPICMNN,29,S K D N C G E S C F A G K C Y T P G C T C E Y P I C M N N <EOS> <PAD>,"['S', 'K', 'D', 'N', 'C', 'G', 'E', 'S', 'C', 'F', 'A', 'G', 'K', 'C', 'Y', 'T', 'P', 'G', 'C', 'T', 'C', 'E', 'Y', 'P', 'I', 'C', 'M', 'N', 'N', '<EOS>', '<PAD>']"
CP07222,SKQCCHLAACRFRCTPCCW,SKQCCHLAACRFRCTPCCW,19,S K Q C C H L A A C R F R C T P C C W <EOS> <PAD> <PAD> <PAD> <PAD> <PAD> <PAD> <PAD> <PAD> <PAD> <PAD> <PAD>,"['S', 'K', 'Q', 'C', 'C', 'H', 'L', 'A', 'A', 'C', 'R', 'F', 'R', 'C', 'T', 'P', 'C', 'C', 'W', '<EOS>', '<PAD>', '<PAD>', '<PAD>', '<PAD>', '<PAD>', '<PAD>', '<PAD>', '<PAD>', '<PAD>', '<PAD>', '<PAD>']"
CP07168,SLCHPPCTGLSMCHGGMCGYIRF,SLCHPPCTGLSMCHGGMCGYIRF,23,S L C H P P C T G L S M C H G G M C G Y I R F <EOS> <PAD> <PAD> <PAD> <PAD> <PAD> <PAD> <PAD>,"['S', 'L', 'C', 'H', 'P', 'P', 'C', 'T', 'G', 'L', 'S', 'M', 'C', 'H', 'G', 'G', 'M', 'C', 'G', 'Y', 'I', 'R', 'F', '<EOS>', '<PAD>', '<PAD>', '<PAD>', '<PAD>', '<PAD>', '<PAD>', '<PAD>']"
CP03153,SLGPAIKATRQVCPKATRFVTVSCKKSDCQ,SLGPAIKATRQVCPKATRFVTVSCKKSDCQ,30,S L G P A I K A T R Q V C P K A T R F V T V S C K K S D C Q <EOS>,"['S', 'L', 'G', 'P', 'A', 'I', 'K', 'A', 'T', 'R', 'Q', 'V', 'C', 'P', 'K', 'A', 'T', 'R', 'F', 'V', 'T', 'V', 'S', 'C', 'K', 'K', 'S', 'D', 'C', 'Q', '<EOS>']"
CP05794,SLPCGESCVYIPCISGLLGCSCKNKVCYYN,SLPCGESCVYIPCISGLLGCSCKNKVCYYN,30,S L P C G E S C V Y I P C I S G L L G C S C K N K V C Y Y N <EOS>,"['S', 'L', 'P', 'C', 'G', 'E', 'S', 'C', 'V', 'Y', 'I', 'P', 'C', 'I', 'S', 'G', 'L', 'L', 'G', 'C', 'S', 'C', 'K', 'N', 'K', 'V', 'C', 'Y', 'Y', 'N', '<EOS>']"
CP03458,SMLSVLKNLGKVGLGFVACKINKQC,SMLSVLKNLGKVGLGFVACKINKQC,25,S M L S V L K N L G K V G L G F V A C K I N K Q C <EOS> <PAD> <PAD> <PAD> <PAD> <PAD>,"['S', 'M', 'L', 'S', 'V', 'L', 'K', 'N', 'L', 'G', 'K', 'V', 'G', 'L', 'G', 'F', 'V', 'A', 'C', 'K', 'I', 'N', 'K', 'Q', 'C', '<EOS>', '<PAD>', '<PAD>', '<PAD>', '<PAD>', '<PAD>']"
CP06797,SPFDCSSPGAFCGLVPCCDSCNVLGRC,SPFDCSSPGAFCGLVPCCDSCNVLGRC,27,S P F D C S S P G A F C G L V P C C D S C N V L G R C <EOS> <PAD> <PAD> <PAD>,"['S', 'P', 'F', 'D', 'C', 'S', 'S', 'P', 'G', 'A', 'F', 'C', 'G', 'L', 'V', 'P', 'C', 'C', 'D', 'S', 'C', 'N', 'V', 'L', 'G', 'R', 'C', '<EOS>', '<PAD>', '<PAD>', '<PAD>']"
CP01711,SPPTWIAAAAWAAA,SPPTWIAAAAWAAA,14,S P P T W I A A A A W A A A <EOS> <PAD> <PAD> <PAD> <PAD> <PAD> <PAD> <PAD> <PAD> <PAD> <PAD> <PAD> <PAD> <PAD> <PAD> <PAD> <PAD>,"['S', 'P', 'P', 'T', 'W', 'I', 'A', 'A', 'A', 'A', 'W', 'A', 'A', 'A', '<EOS>', '<PAD>', '<PAD>', '<PAD>', '<PAD>', '<PAD>', '<PAD>', '<PAD>', '<PAD>', '<PAD>', '<PAD>', '<PAD>', '<PAD>', '<PAD>', '<PAD>', '<PAD>', '<PAD>']"
CP06945,SQCCAVKKNCCHV,SQCCAVKKNCCHV,13,S Q C C A V K K N C C H V <EOS> <PAD> <PAD> <PAD> <PAD> <PAD> <PAD> <PAD> <PAD> <PAD> <PAD> <PAD> <PAD> <PAD> <PAD> <PAD> <PAD> <PAD>,"['S', 'Q', 'C', 'C', 'A', 'V', 'K', 'K', 'N', 'C', 'C', 'H', 'V', '<EOS>', '<PAD>', '<PAD>', '<PAD>', '<PAD>', '<PAD>', '<PAD>', '<PAD>', '<PAD>', '<PAD>', '<PAD>', '<PAD>', '<PAD>', '<PAD>', '<PAD>', '<PAD>', '<PAD>', '<PAD>']"
CP08335,SSCGDPCAQHASCTVTCTYCTGTLLQCI,SSCGDPCAQHASCTVTCTYCTGTLLQCI,28,S S C G D P C A Q H A S C T V T C T Y C T G T L L Q C I <EOS> <PAD> <PAD>,"['S', 'S', 'C', 'G', 'D', 'P', 'C', 'A', 'Q', 'H', 'A', 'S', 'C', 'T', 'V', 'T', 'C', 'T', 'Y', 'C', 'T', 'G', 'T', 'L', 'L', 'Q', 'C', 'I', '<EOS>', '<PAD>', '<PAD>']"
CP08675,SSCGEPCIQDEHCSGTCNICTGNLSKCM,SSCGEPCIQDEHCSGTCNICTGNLSKCM,28,S S C G E P C I Q D E H C S G T C N I C T G N L S K C M <EOS> <PAD> <PAD>,"['S', 'S', 'C', 'G', 'E', 'P', 'C', 'I', 'Q', 'D', 'E', 'H', 'C', 'S', 'G', 'T', 'C', 'N', 'I', 'C', 'T', 'G', 'N', 'L', 'S', 'K', 'C', 'M', '<EOS>', '<PAD>', '<PAD>']"
CP07890,SSCPPACCPTC,SSCPPACCPTC,11,S S C P P A C C P T C <EOS> <PAD> <PAD> <PAD> <PAD> <PAD> <PAD> <PAD> <PAD> <PAD> <PAD> <PAD> <PAD> <PAD> <PAD> <PAD> <PAD> <PAD> <PAD> <PAD>,"['S', 'S', 'C', 'P', 'P', 'A', 'C', 'C', 'P', 'T', 'C', '<EOS>', '<PAD>', '<PAD>', '<PAD>', '<PAD>', '<PAD>', '<PAD>', '<PAD>', '<PAD>', '<PAD>', '<PAD>', '<PAD>', '<PAD>', '<PAD>', '<PAD>', '<PAD>', '<PAD>', '<PAD>', '<PAD>', '<PAD>']"
CP07855,SSEHRAHHTHPNDNSFWTLV,SSEHRAHHTHPNDNSFWTLV,20,S S E H R A H H T H P N D N S F W T L V <EOS> <PAD> <PAD> <PAD> <PAD> <PAD> <PAD> <PAD> <PAD> <PAD> <PAD>,"['S', 'S', 'E', 'H', 'R', 'A', 'H', 'H', 'T', 'H', 'P', 'N', 'D', 'N', 'S', 'F', 'W', 'T', 'L', 'V', '<EOS>', '<PAD>', '<PAD>', '<PAD>', '<PAD>', '<PAD>', '<PAD>', '<PAD>', '<PAD>', '<PAD>', '<PAD>']"
CP03169,SSSGWLCTLTIECGTIICACR,SSSGWLCTLTIECGTIICACR,21,S S S G W L C T L T I E C G T I I C A C R <EOS> <PAD> <PAD> <PAD> <PAD> <PAD> <PAD> <PAD> <PAD> <PAD>,"['S', 'S', 'S', 'G', 'W', 'L', 'C', 'T', 'L', 'T', 'I', 'E', 'C', 'G', 'T', 'I', 'I', 'C', 'A', 'C', 'R', '<EOS>', '<PAD>', '<PAD>', '<PAD>', '<PAD>', '<PAD>', '<PAD>', '<PAD>', '<PAD>', '<PAD>']"
CP02150,STADGNDGWIAF,STADGNDGWIAF,12,S T A D G N D G W I A F <EOS> <PAD> <PAD> <PAD> <PAD> <PAD> <PAD> <PAD> <PAD> <PAD> <PAD> <PAD> <PAD> <PAD> <PAD> <PAD> <PAD> <PAD> <PAD>,"['S', 'T', 'A', 'D', 'G', 'N', 'D', 'G', 'W', 'I', 'A', 'F', '<EOS>', '<PAD>', '<PAD>', '<PAD>', '<PAD>', '<PAD>', '<PAD>', '<PAD>', '<PAD>', '<PAD>', '<PAD>', '<PAD>', '<PAD>', '<PAD>', '<PAD>', '<PAD>', '<PAD>', '<PAD>', '<PAD>']"
CP07456,STIPSLGSEWDDGW,STIPSLGSEWDDGW,14,S T I P S L G S E W D D G W <EOS> <PAD> <PAD> <PAD> <PAD> <PAD> <PAD> <PAD> <PAD> <PAD> <PAD> <PAD> <PAD> <PAD> <PAD> <PAD> <PAD>,"['S', 'T', 'I', 'P', 'S', 'L', 'G', 'S', 'E', 'W', 'D', 'D', 'G', 'W', '<EOS>', '<PAD>', '<PAD>', '<PAD>', '<PAD>', '<PAD>', '<PAD>', '<PAD>', '<PAD>', '<PAD>', '<PAD>', '<PAD>', '<PAD>', '<PAD>', '<PAD>', '<PAD>', '<PAD>']"
CP03159,STIVCVSLRICNWSLRFCPSFKVRCPM,STIVCVSLRICNWSLRFCPSFKVRCPM,27,S T I V C V S L R I C N W S L R F C P S F K V R C P M <EOS> <PAD> <PAD> <PAD>,"['S', 'T', 'I', 'V', 'C', 'V', 'S', 'L', 'R', 'I', 'C', 'N', 'W', 'S', 'L', 'R', 'F', 'C', 'P', 'S', 'F', 'K', 'V', 'R', 'C', 'P', 'M', '<EOS>', '<PAD>', '<PAD>', '<PAD>']"
CP03178,STNCFCYICCSCSS,STNCFCYICCSCSS,14,S T N C F C Y I C C S C S S <EOS> <PAD> <PAD> <PAD> <PAD> <PAD> <PAD> <PAD> <PAD> <PAD> <PAD> <PAD> <PAD> <PAD> <PAD> <PAD> <PAD>,"['S', 'T', 'N', 'C', 'F', 'C', 'Y', 'I', 'C', 'C', 'S', 'C', 'S', 'S', '<EOS>', '<PAD>', '<PAD>', '<PAD>', '<PAD>', '<PAD>', '<PAD>', '<PAD>', '<PAD>', '<PAD>', '<PAD>', '<PAD>', '<PAD>', '<PAD>', '<PAD>', '<PAD>', '<PAD>']"
CP01073,STSGFLAENWAV,STSGFLAENWAV,12,S T S G F L A E N W A V <EOS> <PAD> <PAD> <PAD> <PAD> <PAD> <PAD> <PAD> <PAD> <PAD> <PAD> <PAD> <PAD> <PAD> <PAD> <PAD> <PAD> <PAD> <PAD>,"['S', 'T', 'S', 'G', 'F', 'L', 'A', 'E', 'N', 'W', 'A', 'V', '<EOS>', '<PAD>', '<PAD>', '<PAD>', '<PAD>', '<PAD>', '<PAD>', '<PAD>', '<PAD>', '<PAD>', '<PAD>', '<PAD>', '<PAD>', '<PAD>', '<PAD>', '<PAD>', '<PAD>', '<PAD>', '<PAD>']"
CP06470,SVEGVISTIKDFAVKVCCSVSLKFCCPTA,SVEGVISTIKDFAVKVCCSVSLKFCCPTA,29,S V E G V I S T I K D F A V K V C C S V S L K F C C P T A <EOS> <PAD>,"['S', 'V', 'E', 'G', 'V', 'I', 'S', 'T', 'I', 'K', 'D', 'F', 'A', 'V', 'K', 'V', 'C', 'C', 'S', 'V', 'S', 'L', 'K', 'F', 'C', 'C', 'P', 'T', 'A', '<EOS>', '<PAD>']"
CP05667,SVPCGESCVFIPCVTGIIGCECKSKVCYLN,SVPCGESCVFIPCVTGIIGCECKSKVCYLN,30,S V P C G E S C V F I P C V T G I I G C E C K S K V C Y L N <EOS>,"['S', 'V', 'P', 'C', 'G', 'E', 'S', 'C', 'V', 'F', 'I', 'P', 'C', 'V', 'T', 'G', 'I', 'I', 'G', 'C', 'E', 'C', 'K', 'S', 'K', 'V', 'C', 'Y', 'L', 'N', '<EOS>']"
CP04117;CP05448,SVTPIVCGETCFGGTCNTPGCSCSWPICTK,SVTPIVCGETCFGGTCNTPGCSCSWPICTK,30,S V T P I V C G E T C F G G T C N T P G C S C S W P I C T K <EOS>,"['S', 'V', 'T', 'P', 'I', 'V', 'C', 'G', 'E', 'T', 'C', 'F', 'G', 'G', 'T', 'C', 'N', 'T', 'P', 'G', 'C', 'S', 'C', 'S', 'W', 'P', 'I', 'C', 'T', 'K', '<EOS>']"
CP02250;CP02252,SYSGPNEFMQTG,SYSGPNEFMQTG,12,S Y S G P N E F M Q T G <EOS> <PAD> <PAD> <PAD> <PAD> <PAD> <PAD> <PAD> <PAD> <PAD> <PAD> <PAD> <PAD> <PAD> <PAD> <PAD> <PAD> <PAD> <PAD>,"['S', 'Y', 'S', 'G', 'P', 'N', 'E', 'F', 'M', 'Q', 'T', 'G', '<EOS>', '<PAD>', '<PAD>', '<PAD>', '<PAD>', '<PAD>', '<PAD>', '<PAD>', '<PAD>', '<PAD>', '<PAD>', '<PAD>', '<PAD>', '<PAD>', '<PAD>', '<PAD>', '<PAD>', '<PAD>', '<PAD>']"
CP05325,SYTCGESCLWIPCTVTFGCYCSNKVCVKD,SYTCGESCLWIPCTVTFGCYCSNKVCVKD,29,S Y T C G E S C L W I P C T V T F G C Y C S N K V C V K D <EOS> <PAD>,"['S', 'Y', 'T', 'C', 'G', 'E', 'S', 'C', 'L', 'W', 'I', 'P', 'C', 'T', 'V', 'T', 'F', 'G', 'C', 'Y', 'C', 'S', 'N', 'K', 'V', 'C', 'V', 'K', 'D', '<EOS>', '<PAD>']"
CP06954,TAFGLRKCCKKHHGCHPC,TAFGLRKCCKKHHGCHPC,18,T A F G L R K C C K K H H G C H P C <EOS> <PAD> <PAD> <PAD> <PAD> <PAD> <PAD> <PAD> <PAD> <PAD> <PAD> <PAD> <PAD>,"['T', 'A', 'F', 'G', 'L', 'R', 'K', 'C', 'C', 'K', 'K', 'H', 'H', 'G', 'C', 'H', 'P', 'C', '<EOS>', '<PAD>', '<PAD>', '<PAD>', '<PAD>', '<PAD>', '<PAD>', '<PAD>', '<PAD>', '<PAD>', '<PAD>', '<PAD>', '<PAD>']"
CP06946,TAFGLRLCCKRHHGCHPCGRT,TAFGLRLCCKRHHGCHPCGRT,21,T A F G L R L C C K R H H G C H P C G R T <EOS> <PAD> <PAD> <PAD> <PAD> <PAD> <PAD> <PAD> <PAD> <PAD>,"['T', 'A', 'F', 'G', 'L', 'R', 'L', 'C', 'C', 'K', 'R', 'H', 'H', 'G', 'C', 'H', 'P', 'C', 'G', 'R', 'T', '<EOS>', '<PAD>', '<PAD>', '<PAD>', '<PAD>', '<PAD>', '<PAD>', '<PAD>', '<PAD>', '<PAD>']"
CP00384;CP00553;CP01720;CP01787;CP02052;CP02079,TAGLVLAALLV,TAGLVLAALLV,11,T A G L V L A A L L V <EOS> <PAD> <PAD> <PAD> <PAD> <PAD> <PAD> <PAD> <PAD> <PAD> <PAD> <PAD> <PAD> <PAD> <PAD> <PAD> <PAD> <PAD> <PAD> <PAD>,"['T', 'A', 'G', 'L', 'V', 'L', 'A', 'A', 'L', 'L', 'V', '<EOS>', '<PAD>', '<PAD>', '<PAD>', '<PAD>', '<PAD>', '<PAD>', '<PAD>', '<PAD>', '<PAD>', '<PAD>', '<PAD>', '<PAD>', '<PAD>', '<PAD>', '<PAD>', '<PAD>', '<PAD>', '<PAD>', '<PAD>']"
CP01423,TASGFLAEQWIT,TASGFLAEQWIT,12,T A S G F L A E Q W I T <EOS> <PAD> <PAD> <PAD> <PAD> <PAD> <PAD> <PAD> <PAD> <PAD> <PAD> <PAD> <PAD> <PAD> <PAD> <PAD> <PAD> <PAD> <PAD>,"['T', 'A', 'S', 'G', 'F', 'L', 'A', 'E', 'Q', 'W', 'I', 'T', '<EOS>', '<PAD>', '<PAD>', '<PAD>', '<PAD>', '<PAD>', '<PAD>', '<PAD>', '<PAD>', '<PAD>', '<PAD>', '<PAD>', '<PAD>', '<PAD>', '<PAD>', '<PAD>', '<PAD>', '<PAD>', '<PAD>']"
CP04227,TASGGCDTSMFCY,TASGGCDTSMFCY,13,T A S G G C D T S M F C Y <EOS> <PAD> <PAD> <PAD> <PAD> <PAD> <PAD> <PAD> <PAD> <PAD> <PAD> <PAD> <PAD> <PAD> <PAD> <PAD> <PAD> <PAD>,"['T', 'A', 'S', 'G', 'G', 'C', 'D', 'T', 'S', 'M', 'F', 'C', 'Y', '<EOS>', '<PAD>', '<PAD>', '<PAD>', '<PAD>', '<PAD>', '<PAD>', '<PAD>', '<PAD>', '<PAD>', '<PAD>', '<PAD>', '<PAD>', '<PAD>', '<PAD>', '<PAD>', '<PAD>', '<PAD>']"
CP08859;CP09198,TCCKFQFLNFCCNE,TCCKFQFLNFCCNE,14,T C C K F Q F L N F C C N E <EOS> <PAD> <PAD> <PAD> <PAD> <PAD> <PAD> <PAD> <PAD> <PAD> <PAD> <PAD> <PAD> <PAD> <PAD> <PAD> <PAD>,"['T', 'C', 'C', 'K', 'F', 'Q', 'F', 'L', 'N', 'F', 'C', 'C', 'N', 'E', '<EOS>', '<PAD>', '<PAD>', '<PAD>', '<PAD>', '<PAD>', '<PAD>', '<PAD>', '<PAD>', '<PAD>', '<PAD>', '<PAD>', '<PAD>', '<PAD>', '<PAD>', '<PAD>', '<PAD>']"
CP07260,TCCPPGICSSDKCSCC,TCCPPGICSSDKCSCC,16,T C C P P G I C S S D K C S C C <EOS> <PAD> <PAD> <PAD> <PAD> <PAD> <PAD> <PAD> <PAD> <PAD> <PAD> <PAD> <PAD> <PAD> <PAD>,"['T', 'C', 'C', 'P', 'P', 'G', 'I', 'C', 'S', 'S', 'D', 'K', 'C', 'S', 'C', 'C', '<EOS>', '<PAD>', '<PAD>', '<PAD>', '<PAD>', '<PAD>', '<PAD>', '<PAD>', '<PAD>', '<PAD>', '<PAD>', '<PAD>', '<PAD>', '<PAD>', '<PAD>']"
CP08736,TCCTACNIPPCKCCA,TCCTACNIPPCKCCA,15,T C C T A C N I P P C K C C A <EOS> <PAD> <PAD> <PAD> <PAD> <PAD> <PAD> <PAD> <PAD> <PAD> <PAD> <PAD> <PAD> <PAD> <PAD> <PAD>,"['T', 'C', 'C', 'T', 'A', 'C', 'N', 'I', 'P', 'P', 'C', 'K', 'C', 'C', 'A', '<EOS>', '<PAD>', '<PAD>', '<PAD>', '<PAD>', '<PAD>', '<PAD>', '<PAD>', '<PAD>', '<PAD>', '<PAD>', '<PAD>', '<PAD>', '<PAD>', '<PAD>', '<PAD>']"
CP07797,TCHKPCQRHSECASHCICLIDTCDDA,TCHKPCQRHSECASHCICLIDTCDDA,26,T C H K P C Q R H S E C A S H C I C L I D T C D D A <EOS> <PAD> <PAD> <PAD> <PAD>,"['T', 'C', 'H', 'K', 'P', 'C', 'Q', 'R', 'H', 'S', 'E', 'C', 'A', 'S', 'H', 'C', 'I', 'C', 'L', 'I', 'D', 'T', 'C', 'D', 'D', 'A', '<EOS>', '<PAD>', '<PAD>', '<PAD>', '<PAD>']"
CP07000,TCLARDELCGASFLSNFLCCDGLCLLICV,TCLARDELCGASFLSNFLCCDGLCLLICV,29,T C L A R D E L C G A S F L S N F L C C D G L C L L I C V <EOS> <PAD>,"['T', 'C', 'L', 'A', 'R', 'D', 'E', 'L', 'C', 'G', 'A', 'S', 'F', 'L', 'S', 'N', 'F', 'L', 'C', 'C', 'D', 'G', 'L', 'C', 'L', 'L', 'I', 'C', 'V', '<EOS>', '<PAD>']"
CP07169,TCLGKNALCGAPGVGVLVCCSFKCVVVCV,TCLGKNALCGAPGVGVLVCCSFKCVVVCV,29,T C L G K N A L C G A P G V G V L V C C S F K C V V V C V <EOS> <PAD>,"['T', 'C', 'L', 'G', 'K', 'N', 'A', 'L', 'C', 'G', 'A', 'P', 'G', 'V', 'G', 'V', 'L', 'V', 'C', 'C', 'S', 'F', 'K', 'C', 'V', 'V', 'V', 'C', 'V', '<EOS>', '<PAD>']"
CP06128,TCNTPTQYCTLHRHCCSLYCHKTIHACA,TCNTPTQYCTLHRHCCSLYCHKTIHACA,28,T C N T P T Q Y C T L H R H C C S L Y C H K T I H A C A <EOS> <PAD> <PAD>,"['T', 'C', 'N', 'T', 'P', 'T', 'Q', 'Y', 'C', 'T', 'L', 'H', 'R', 'H', 'C', 'C', 'S', 'L', 'Y', 'C', 'H', 'K', 'T', 'I', 'H', 'A', 'C', 'A', '<EOS>', '<PAD>', '<PAD>']"
CP08233,TCRERGIGCDDPLECCSHQCTFTGFSTC,TCRERGIGCDDPLECCSHQCTFTGFSTC,28,T C R E R G I G C D D P L E C C S H Q C T F T G F S T C <EOS> <PAD> <PAD>,"['T', 'C', 'R', 'E', 'R', 'G', 'I', 'G', 'C', 'D', 'D', 'P', 'L', 'E', 'C', 'C', 'S', 'H', 'Q', 'C', 'T', 'F', 'T', 'G', 'F', 'S', 'T', 'C', '<EOS>', '<PAD>', '<PAD>']"
CP08850;CP09194,TCRSSGRYCRSPYDCCRRYCRRITDACV,TCRSSGRYCRSPYDCCRRYCRRITDACV,28,T C R S S G R Y C R S P Y D C C R R Y C R R I T D A C V <EOS> <PAD> <PAD>,"['T', 'C', 'R', 'S', 'S', 'G', 'R', 'Y', 'C', 'R', 'S', 'P', 'Y', 'D', 'C', 'C', 'R', 'R', 'Y', 'C', 'R', 'R', 'I', 'T', 'D', 'A', 'C', 'V', '<EOS>', '<PAD>', '<PAD>']"
CP03889,TCRTNRPCFYDLDLNVCRCS,TCRTNRPCFYDLDLNVCRCS,20,T C R T N R P C F Y D L D L N V C R C S <EOS> <PAD> <PAD> <PAD> <PAD> <PAD> <PAD> <PAD> <PAD> <PAD> <PAD>,"['T', 'C', 'R', 'T', 'N', 'R', 'P', 'C', 'F', 'Y', 'D', 'L', 'D', 'L', 'N', 'V', 'C', 'R', 'C', 'S', '<EOS>', '<PAD>', '<PAD>', '<PAD>', '<PAD>', '<PAD>', '<PAD>', '<PAD>', '<PAD>', '<PAD>', '<PAD>']"
CP06135,TCSPAGEVCTSKSPCCTGFLCSHIGGMCHH,TCSPAGEVCTSKSPCCTGFLCSHIGGMCHH,30,T C S P A G E V C T S K S P C C T G F L C S H I G G M C H H <EOS>,"['T', 'C', 'S', 'P', 'A', 'G', 'E', 'V', 'C', 'T', 'S', 'K', 'S', 'P', 'C', 'C', 'T', 'G', 'F', 'L', 'C', 'S', 'H', 'I', 'G', 'G', 'M', 'C', 'H', 'H', '<EOS>']"
CP07193,TCVMFGSMCDKEEHSICCYECDYKKGICV,TCVMFGSMCDKEEHSICCYECDYKKGICV,29,T C V M F G S M C D K E E H S I C C Y E C D Y K K G I C V <EOS> <PAD>,"['T', 'C', 'V', 'M', 'F', 'G', 'S', 'M', 'C', 'D', 'K', 'E', 'E', 'H', 'S', 'I', 'C', 'C', 'Y', 'E', 'C', 'D', 'Y', 'K', 'K', 'G', 'I', 'C', 'V', '<EOS>', '<PAD>']"
CP08338,TEHFPLMIWVDCCPAYDCCVPDSD,TEHFPLMIWVDCCPAYDCCVPDSD,24,T E H F P L M I W V D C C P A Y D C C V P D S D <EOS> <PAD> <PAD> <PAD> <PAD> <PAD> <PAD>,"['T', 'E', 'H', 'F', 'P', 'L', 'M', 'I', 'W', 'V', 'D', 'C', 'C', 'P', 'A', 'Y', 'D', 'C', 'C', 'V', 'P', 'D', 'S', 'D', '<EOS>', '<PAD>', '<PAD>', '<PAD>', '<PAD>', '<PAD>', '<PAD>']"
CP09098;CP09102;CP09107,TGCCEFPYCAENIPELCG,TGCCEFPYCAENIPELCG,18,T G C C E F P Y C A E N I P E L C G <EOS> <PAD> <PAD> <PAD> <PAD> <PAD> <PAD> <PAD> <PAD> <PAD> <PAD> <PAD> <PAD>,"['T', 'G', 'C', 'C', 'E', 'F', 'P', 'Y', 'C', 'A', 'E', 'N', 'I', 'P', 'E', 'L', 'C', 'G', '<EOS>', '<PAD>', '<PAD>', '<PAD>', '<PAD>', '<PAD>', '<PAD>', '<PAD>', '<PAD>', '<PAD>', '<PAD>', '<PAD>', '<PAD>']"
CP07659,TGCCEYPYCAENNPELCG,TGCCEYPYCAENNPELCG,18,T G C C E Y P Y C A E N N P E L C G <EOS> <PAD> <PAD> <PAD> <PAD> <PAD> <PAD> <PAD> <PAD> <PAD> <PAD> <PAD> <PAD>,"['T', 'G', 'C', 'C', 'E', 'Y', 'P', 'Y', 'C', 'A', 'E', 'N', 'N', 'P', 'E', 'L', 'C', 'G', '<EOS>', '<PAD>', '<PAD>', '<PAD>', '<PAD>', '<PAD>', '<PAD>', '<PAD>', '<PAD>', '<PAD>', '<PAD>', '<PAD>', '<PAD>']"
CP06141,TGEDFLEECMGGCAFDFCCKR,TGEDFLEECMGGCAFDFCCKR,21,T G E D F L E E C M G G C A F D F C C K R <EOS> <PAD> <PAD> <PAD> <PAD> <PAD> <PAD> <PAD> <PAD> <PAD>,"['T', 'G', 'E', 'D', 'F', 'L', 'E', 'E', 'C', 'M', 'G', 'G', 'C', 'A', 'F', 'D', 'F', 'C', 'C', 'K', 'R', '<EOS>', '<PAD>', '<PAD>', '<PAD>', '<PAD>', '<PAD>', '<PAD>', '<PAD>', '<PAD>', '<PAD>']"
CP04225,TIGGTIVSITCETCDLLVGKMC,TIGGTIVSITCETCDLLVGKMC,22,T I G G T I V S I T C E T C D L L V G K M C <EOS> <PAD> <PAD> <PAD> <PAD> <PAD> <PAD> <PAD> <PAD>,"['T', 'I', 'G', 'G', 'T', 'I', 'V', 'S', 'I', 'T', 'C', 'E', 'T', 'C', 'D', 'L', 'L', 'V', 'G', 'K', 'M', 'C', '<EOS>', '<PAD>', '<PAD>', '<PAD>', '<PAD>', '<PAD>', '<PAD>', '<PAD>', '<PAD>']"
CP02221,TKQCYPTFCDLA,TKQCYPTFCDLA,12,T K Q C Y P T F C D L A <EOS> <PAD> <PAD> <PAD> <PAD> <PAD> <PAD> <PAD> <PAD> <PAD> <PAD> <PAD> <PAD> <PAD> <PAD> <PAD> <PAD> <PAD> <PAD>,"['T', 'K', 'Q', 'C', 'Y', 'P', 'T', 'F', 'C', 'D', 'L', 'A', '<EOS>', '<PAD>', '<PAD>', '<PAD>', '<PAD>', '<PAD>', '<PAD>', '<PAD>', '<PAD>', '<PAD>', '<PAD>', '<PAD>', '<PAD>', '<PAD>', '<PAD>', '<PAD>', '<PAD>', '<PAD>', '<PAD>']"
CP08734,TLCPEHCTNGCNMDMTCI,TLCPEHCTNGCNMDMTCI,18,T L C P E H C T N G C N M D M T C I <EOS> <PAD> <PAD> <PAD> <PAD> <PAD> <PAD> <PAD> <PAD> <PAD> <PAD> <PAD> <PAD>,"['T', 'L', 'C', 'P', 'E', 'H', 'C', 'T', 'N', 'G', 'C', 'N', 'M', 'D', 'M', 'T', 'C', 'I', '<EOS>', '<PAD>', '<PAD>', '<PAD>', '<PAD>', '<PAD>', '<PAD>', '<PAD>', '<PAD>', '<PAD>', '<PAD>', '<PAD>', '<PAD>']"
CP06396,TLLNILRDGDNCCIDKQGCCPW,TLLNILRDGDNCCIDKQGCCPW,22,T L L N I L R D G D N C C I D K Q G C C P W <EOS> <PAD> <PAD> <PAD> <PAD> <PAD> <PAD> <PAD> <PAD>,"['T', 'L', 'L', 'N', 'I', 'L', 'R', 'D', 'G', 'D', 'N', 'C', 'C', 'I', 'D', 'K', 'Q', 'G', 'C', 'C', 'P', 'W', '<EOS>', '<PAD>', '<PAD>', '<PAD>', '<PAD>', '<PAD>', '<PAD>', '<PAD>', '<PAD>']"
CP07791,TLQIFSNILECCYSDEWCCEVDEELGL,TLQIFSNILECCYSDEWCCEVDEELGL,27,T L Q I F S N I L E C C Y S D E W C C E V D E E L G L <EOS> <PAD> <PAD> <PAD>,"['T', 'L', 'Q', 'I', 'F', 'S', 'N', 'I', 'L', 'E', 'C', 'C', 'Y', 'S', 'D', 'E', 'W', 'C', 'C', 'E', 'V', 'D', 'E', 'E', 'L', 'G', 'L', '<EOS>', '<PAD>', '<PAD>', '<PAD>']"
CP07459,TLQKLLNKTLLPNSATVL,TLQKLLNKTLLPNSATVL,18,T L Q K L L N K T L L P N S A T V L <EOS> <PAD> <PAD> <PAD> <PAD> <PAD> <PAD> <PAD> <PAD> <PAD> <PAD> <PAD> <PAD>,"['T', 'L', 'Q', 'K', 'L', 'L', 'N', 'K', 'T', 'L', 'L', 'P', 'N', 'S', 'A', 'T', 'V', 'L', '<EOS>', '<PAD>', '<PAD>', '<PAD>', '<PAD>', '<PAD>', '<PAD>', '<PAD>', '<PAD>', '<PAD>', '<PAD>', '<PAD>', '<PAD>']"
CP07457,TLQMLGTNAAAQAGNCAASGMMGGKGK,TLQMLGTNAAAQAGNCAASGMMGGKGK,27,T L Q M L G T N A A A Q A G N C A A S G M M G G K G K <EOS> <PAD> <PAD> <PAD>,"['T', 'L', 'Q', 'M', 'L', 'G', 'T', 'N', 'A', 'A', 'A', 'Q', 'A', 'G', 'N', 'C', 'A', 'A', 'S', 'G', 'M', 'M', 'G', 'G', 'K', 'G', 'K', '<EOS>', '<PAD>', '<PAD>', '<PAD>']"
CP08588,TLQMLRGVQICCPYILWCCLIP,TLQMLRGVQICCPYILWCCLIP,22,T L Q M L R G V Q I C C P Y I L W C C L I P <EOS> <PAD> <PAD> <PAD> <PAD> <PAD> <PAD> <PAD> <PAD>,"['T', 'L', 'Q', 'M', 'L', 'R', 'G', 'V', 'Q', 'I', 'C', 'C', 'P', 'Y', 'I', 'L', 'W', 'C', 'C', 'L', 'I', 'P', '<EOS>', '<PAD>', '<PAD>', '<PAD>', '<PAD>', '<PAD>', '<PAD>', '<PAD>', '<PAD>']"
CP08660,TLQRHWAKFLCCPEDDWCC,TLQRHWAKFLCCPEDDWCC,19,T L Q R H W A K F L C C P E D D W C C <EOS> <PAD> <PAD> <PAD> <PAD> <PAD> <PAD> <PAD> <PAD> <PAD> <PAD> <PAD>,"['T', 'L', 'Q', 'R', 'H', 'W', 'A', 'K', 'F', 'L', 'C', 'C', 'P', 'E', 'D', 'D', 'W', 'C', 'C', '<EOS>', '<PAD>', '<PAD>', '<PAD>', '<PAD>', '<PAD>', '<PAD>', '<PAD>', '<PAD>', '<PAD>', '<PAD>', '<PAD>']"
CP06397,TLQRHWAKSLCCPEDAWCCSHDE,TLQRHWAKSLCCPEDAWCCSHDE,23,T L Q R H W A K S L C C P E D A W C C S H D E <EOS> <PAD> <PAD> <PAD> <PAD> <PAD> <PAD> <PAD>,"['T', 'L', 'Q', 'R', 'H', 'W', 'A', 'K', 'S', 'L', 'C', 'C', 'P', 'E', 'D', 'A', 'W', 'C', 'C', 'S', 'H', 'D', 'E', '<EOS>', '<PAD>', '<PAD>', '<PAD>', '<PAD>', '<PAD>', '<PAD>', '<PAD>']"
CP07341,TLQRLSIEYSCCPGIVSCCVIP,TLQRLSIEYSCCPGIVSCCVIP,22,T L Q R L S I E Y S C C P G I V S C C V I P <EOS> <PAD> <PAD> <PAD> <PAD> <PAD> <PAD> <PAD> <PAD>,"['T', 'L', 'Q', 'R', 'L', 'S', 'I', 'E', 'Y', 'S', 'C', 'C', 'P', 'G', 'I', 'V', 'S', 'C', 'C', 'V', 'I', 'P', '<EOS>', '<PAD>', '<PAD>', '<PAD>', '<PAD>', '<PAD>', '<PAD>', '<PAD>', '<PAD>']"
CP07704,TLQSLSMARICCSRKLWCCGIPF,TLQSLSMARICCSRKLWCCGIPF,23,T L Q S L S M A R I C C S R K L W C C G I P F <EOS> <PAD> <PAD> <PAD> <PAD> <PAD> <PAD> <PAD>,"['T', 'L', 'Q', 'S', 'L', 'S', 'M', 'A', 'R', 'I', 'C', 'C', 'S', 'R', 'K', 'L', 'W', 'C', 'C', 'G', 'I', 'P', 'F', '<EOS>', '<PAD>', '<PAD>', '<PAD>', '<PAD>', '<PAD>', '<PAD>', '<PAD>']"
CP09127;CP09128,TLQSLWMTRGCCPGNVLCC,TLQSLWMTRGCCPGNVLCC,19,T L Q S L W M T R G C C P G N V L C C <EOS> <PAD> <PAD> <PAD> <PAD> <PAD> <PAD> <PAD> <PAD> <PAD> <PAD> <PAD>,"['T', 'L', 'Q', 'S', 'L', 'W', 'M', 'T', 'R', 'G', 'C', 'C', 'P', 'G', 'N', 'V', 'L', 'C', 'C', '<EOS>', '<PAD>', '<PAD>', '<PAD>', '<PAD>', '<PAD>', '<PAD>', '<PAD>', '<PAD>', '<PAD>', '<PAD>', '<PAD>']"
CP07460,TLTKAFEQTLLPNSATVL,TLTKAFEQTLLPNSATVL,18,T L T K A F E Q T L L P N S A T V L <EOS> <PAD> <PAD> <PAD> <PAD> <PAD> <PAD> <PAD> <PAD> <PAD> <PAD> <PAD> <PAD>,"['T', 'L', 'T', 'K', 'A', 'F', 'E', 'Q', 'T', 'L', 'L', 'P', 'N', 'S', 'A', 'T', 'V', 'L', '<EOS>', '<PAD>', '<PAD>', '<PAD>', '<PAD>', '<PAD>', '<PAD>', '<PAD>', '<PAD>', '<PAD>', '<PAD>', '<PAD>', '<PAD>']"
CP07458,TLTNASEQTLLPRLGIVLRVG,TLTNASEQTLLPRLGIVLRVG,21,T L T N A S E Q T L L P R L G I V L R V G <EOS> <PAD> <PAD> <PAD> <PAD> <PAD> <PAD> <PAD> <PAD> <PAD>,"['T', 'L', 'T', 'N', 'A', 'S', 'E', 'Q', 'T', 'L', 'L', 'P', 'R', 'L', 'G', 'I', 'V', 'L', 'R', 'V', 'G', '<EOS>', '<PAD>', '<PAD>', '<PAD>', '<PAD>', '<PAD>', '<PAD>', '<PAD>', '<PAD>', '<PAD>']"
CP07212,TNCEAHSCSPSCPDECYCDTNEDTCHPE,TNCEAHSCSPSCPDECYCDTNEDTCHPE,28,T N C E A H S C S P S C P D E C Y C D T N E D T C H P E <EOS> <PAD> <PAD>,"['T', 'N', 'C', 'E', 'A', 'H', 'S', 'C', 'S', 'P', 'S', 'C', 'P', 'D', 'E', 'C', 'Y', 'C', 'D', 'T', 'N', 'E', 'D', 'T', 'C', 'H', 'P', 'E', '<EOS>', '<PAD>', '<PAD>']"
CP02270,TQITTPLTAVTA,TQITTPLTAVTA,12,T Q I T T P L T A V T A <EOS> <PAD> <PAD> <PAD> <PAD> <PAD> <PAD> <PAD> <PAD> <PAD> <PAD> <PAD> <PAD> <PAD> <PAD> <PAD> <PAD> <PAD> <PAD>,"['T', 'Q', 'I', 'T', 'T', 'P', 'L', 'T', 'A', 'V', 'T', 'A', '<EOS>', '<PAD>', '<PAD>', '<PAD>', '<PAD>', '<PAD>', '<PAD>', '<PAD>', '<PAD>', '<PAD>', '<PAD>', '<PAD>', '<PAD>', '<PAD>', '<PAD>', '<PAD>', '<PAD>', '<PAD>', '<PAD>']"
CP06985,TRDCKTKGSVCFASSECCIQDCWFVCLY,TRDCKTKGSVCFASSECCIQDCWFVCLY,28,T R D C K T K G S V C F A S S E C C I Q D C W F V C L Y <EOS> <PAD> <PAD>,"['T', 'R', 'D', 'C', 'K', 'T', 'K', 'G', 'S', 'V', 'C', 'F', 'A', 'S', 'S', 'E', 'C', 'C', 'I', 'Q', 'D', 'C', 'W', 'F', 'V', 'C', 'L', 'Y', '<EOS>', '<PAD>', '<PAD>']"
CP08290,TRDCKTKGYACFASTECCVQDCWLVCLY,TRDCKTKGYACFASTECCVQDCWLVCLY,28,T R D C K T K G Y A C F A S T E C C V Q D C W L V C L Y <EOS> <PAD> <PAD>,"['T', 'R', 'D', 'C', 'K', 'T', 'K', 'G', 'Y', 'A', 'C', 'F', 'A', 'S', 'T', 'E', 'C', 'C', 'V', 'Q', 'D', 'C', 'W', 'L', 'V', 'C', 'L', 'Y', '<EOS>', '<PAD>', '<PAD>']"
CP06981,TRGCKSKGSFCWNGIECCGGNCFFACIY,TRGCKSKGSFCWNGIECCGGNCFFACIY,28,T R G C K S K G S F C W N G I E C C G G N C F F A C I Y <EOS> <PAD> <PAD>,"['T', 'R', 'G', 'C', 'K', 'S', 'K', 'G', 'S', 'F', 'C', 'W', 'N', 'G', 'I', 'E', 'C', 'C', 'G', 'G', 'N', 'C', 'F', 'F', 'A', 'C', 'I', 'Y', '<EOS>', '<PAD>', '<PAD>']"
CP06972,TRGCKTKGTWCWASRECCLKDCLFVCVY,TRGCKTKGTWCWASRECCLKDCLFVCVY,28,T R G C K T K G T W C W A S R E C C L K D C L F V C V Y <EOS> <PAD> <PAD>,"['T', 'R', 'G', 'C', 'K', 'T', 'K', 'G', 'T', 'W', 'C', 'W', 'A', 'S', 'R', 'E', 'C', 'C', 'L', 'K', 'D', 'C', 'L', 'F', 'V', 'C', 'V', 'Y', '<EOS>', '<PAD>', '<PAD>']"
CP01192,TSACYFQNCPAG,TSACYFQNCPAG,12,T S A C Y F Q N C P A G <EOS> <PAD> <PAD> <PAD> <PAD> <PAD> <PAD> <PAD> <PAD> <PAD> <PAD> <PAD> <PAD> <PAD> <PAD> <PAD> <PAD> <PAD> <PAD>,"['T', 'S', 'A', 'C', 'Y', 'F', 'Q', 'N', 'C', 'P', 'A', 'G', '<EOS>', '<PAD>', '<PAD>', '<PAD>', '<PAD>', '<PAD>', '<PAD>', '<PAD>', '<PAD>', '<PAD>', '<PAD>', '<PAD>', '<PAD>', '<PAD>', '<PAD>', '<PAD>', '<PAD>', '<PAD>', '<PAD>']"
CP08888;CP09135,TSDCCFYHNCCC,TSDCCFYHNCCC,12,T S D C C F Y H N C C C <EOS> <PAD> <PAD> <PAD> <PAD> <PAD> <PAD> <PAD> <PAD> <PAD> <PAD> <PAD> <PAD> <PAD> <PAD> <PAD> <PAD> <PAD> <PAD>,"['T', 'S', 'D', 'C', 'C', 'F', 'Y', 'H', 'N', 'C', 'C', 'C', '<EOS>', '<PAD>', '<PAD>', '<PAD>', '<PAD>', '<PAD>', '<PAD>', '<PAD>', '<PAD>', '<PAD>', '<PAD>', '<PAD>', '<PAD>', '<PAD>', '<PAD>', '<PAD>', '<PAD>', '<PAD>', '<PAD>']"
CP00406,TSEKSQTPLVTL,TSEKSQTPLVTL,12,T S E K S Q T P L V T L <EOS> <PAD> <PAD> <PAD> <PAD> <PAD> <PAD> <PAD> <PAD> <PAD> <PAD> <PAD> <PAD> <PAD> <PAD> <PAD> <PAD> <PAD> <PAD>,"['T', 'S', 'E', 'K', 'S', 'Q', 'T', 'P', 'L', 'V', 'T', 'L', '<EOS>', '<PAD>', '<PAD>', '<PAD>', '<PAD>', '<PAD>', '<PAD>', '<PAD>', '<PAD>', '<PAD>', '<PAD>', '<PAD>', '<PAD>', '<PAD>', '<PAD>', '<PAD>', '<PAD>', '<PAD>', '<PAD>']"
CP08678,TSNQITRGVWDECCKDPQCRQNHMQHCPA,TSNQITRGVWDECCKDPQCRQNHMQHCPA,29,T S N Q I T R G V W D E C C K D P Q C R Q N H M Q H C P A <EOS> <PAD>,"['T', 'S', 'N', 'Q', 'I', 'T', 'R', 'G', 'V', 'W', 'D', 'E', 'C', 'C', 'K', 'D', 'P', 'Q', 'C', 'R', 'Q', 'N', 'H', 'M', 'Q', 'H', 'C', 'P', 'A', '<EOS>', '<PAD>']"
CP03223,TSRCIFYRRKKCS,TSRCIFYRRKKCS,13,T S R C I F Y R R K K C S <EOS> <PAD> <PAD> <PAD> <PAD> <PAD> <PAD> <PAD> <PAD> <PAD> <PAD> <PAD> <PAD> <PAD> <PAD> <PAD> <PAD> <PAD>,"['T', 'S', 'R', 'C', 'I', 'F', 'Y', 'R', 'R', 'K', 'K', 'C', 'S', '<EOS>', '<PAD>', '<PAD>', '<PAD>', '<PAD>', '<PAD>', '<PAD>', '<PAD>', '<PAD>', '<PAD>', '<PAD>', '<PAD>', '<PAD>', '<PAD>', '<PAD>', '<PAD>', '<PAD>', '<PAD>']"
CP06395,TTEECCPFIVGCCS,TTEECCPFIVGCCS,14,T T E E C C P F I V G C C S <EOS> <PAD> <PAD> <PAD> <PAD> <PAD> <PAD> <PAD> <PAD> <PAD> <PAD> <PAD> <PAD> <PAD> <PAD> <PAD> <PAD>,"['T', 'T', 'E', 'E', 'C', 'C', 'P', 'F', 'I', 'V', 'G', 'C', 'C', 'S', '<EOS>', '<PAD>', '<PAD>', '<PAD>', '<PAD>', '<PAD>', '<PAD>', '<PAD>', '<PAD>', '<PAD>', '<PAD>', '<PAD>', '<PAD>', '<PAD>', '<PAD>', '<PAD>', '<PAD>']"
CP03155,TTPATPAISILSAYISTNTCPTTKCTRAC,TTPATPAISILSAYISTNTCPTTKCTRAC,29,T T P A T P A I S I L S A Y I S T N T C P T T K C T R A C <EOS> <PAD>,"['T', 'T', 'P', 'A', 'T', 'P', 'A', 'I', 'S', 'I', 'L', 'S', 'A', 'Y', 'I', 'S', 'T', 'N', 'T', 'C', 'P', 'T', 'T', 'K', 'C', 'T', 'R', 'A', 'C', '<EOS>', '<PAD>']"
CP08154,TVCCYYPTCAESNPYLCYG,TVCCYYPTCAESNPYLCYG,19,T V C C Y Y P T C A E S N P Y L C Y G <EOS> <PAD> <PAD> <PAD> <PAD> <PAD> <PAD> <PAD> <PAD> <PAD> <PAD> <PAD>,"['T', 'V', 'C', 'C', 'Y', 'Y', 'P', 'T', 'C', 'A', 'E', 'S', 'N', 'P', 'Y', 'L', 'C', 'Y', 'G', '<EOS>', '<PAD>', '<PAD>', '<PAD>', '<PAD>', '<PAD>', '<PAD>', '<PAD>', '<PAD>', '<PAD>', '<PAD>', '<PAD>']"
CP08318,TVDCGGVPCEFGCCRIIDGKEKCREIDCD,TVDCGGVPCEFGCCRIIDGKEKCREIDCD,29,T V D C G G V P C E F G C C R I I D G K E K C R E I D C D <EOS> <PAD>,"['T', 'V', 'D', 'C', 'G', 'G', 'V', 'P', 'C', 'E', 'F', 'G', 'C', 'C', 'R', 'I', 'I', 'D', 'G', 'K', 'E', 'K', 'C', 'R', 'E', 'I', 'D', 'C', 'D', '<EOS>', '<PAD>']"
CP06992,TVIMHNCCTRSFCKRIYPDLCS,TVIMHNCCTRSFCKRIYPDLCS,22,T V I M H N C C T R S F C K R I Y P D L C S <EOS> <PAD> <PAD> <PAD> <PAD> <PAD> <PAD> <PAD> <PAD>,"['T', 'V', 'I', 'M', 'H', 'N', 'C', 'C', 'T', 'R', 'S', 'F', 'C', 'K', 'R', 'I', 'Y', 'P', 'D', 'L', 'C', 'S', '<EOS>', '<PAD>', '<PAD>', '<PAD>', '<PAD>', '<PAD>', '<PAD>', '<PAD>', '<PAD>']"
CP07348,TVREACCSDPRCSGQHQEKC,TVREACCSDPRCSGQHQEKC,20,T V R E A C C S D P R C S G Q H Q E K C <EOS> <PAD> <PAD> <PAD> <PAD> <PAD> <PAD> <PAD> <PAD> <PAD> <PAD>,"['T', 'V', 'R', 'E', 'A', 'C', 'C', 'S', 'D', 'P', 'R', 'C', 'S', 'G', 'Q', 'H', 'Q', 'E', 'K', 'C', '<EOS>', '<PAD>', '<PAD>', '<PAD>', '<PAD>', '<PAD>', '<PAD>', '<PAD>', '<PAD>', '<PAD>', '<PAD>']"
CP09123;CP09126,TVRGHCCPYYPQCCPS,TVRGHCCPYYPQCCPS,16,T V R G H C C P Y Y P Q C C P S <EOS> <PAD> <PAD> <PAD> <PAD> <PAD> <PAD> <PAD> <PAD> <PAD> <PAD> <PAD> <PAD> <PAD> <PAD>,"['T', 'V', 'R', 'G', 'H', 'C', 'C', 'P', 'Y', 'Y', 'P', 'Q', 'C', 'C', 'P', 'S', '<EOS>', '<PAD>', '<PAD>', '<PAD>', '<PAD>', '<PAD>', '<PAD>', '<PAD>', '<PAD>', '<PAD>', '<PAD>', '<PAD>', '<PAD>', '<PAD>', '<PAD>']"
CP07369,TVSQECCLDTRCAGKNLDEC,TVSQECCLDTRCAGKNLDEC,20,T V S Q E C C L D T R C A G K N L D E C <EOS> <PAD> <PAD> <PAD> <PAD> <PAD> <PAD> <PAD> <PAD> <PAD> <PAD>,"['T', 'V', 'S', 'Q', 'E', 'C', 'C', 'L', 'D', 'T', 'R', 'C', 'A', 'G', 'K', 'N', 'L', 'D', 'E', 'C', '<EOS>', '<PAD>', '<PAD>', '<PAD>', '<PAD>', '<PAD>', '<PAD>', '<PAD>', '<PAD>', '<PAD>', '<PAD>']"
CP07586,TWEECCKNPGCRNNHVDRCRGQV,TWEECCKNPGCRNNHVDRCRGQV,23,T W E E C C K N P G C R N N H V D R C R G Q V <EOS> <PAD> <PAD> <PAD> <PAD> <PAD> <PAD> <PAD>,"['T', 'W', 'E', 'E', 'C', 'C', 'K', 'N', 'P', 'G', 'C', 'R', 'N', 'N', 'H', 'V', 'D', 'R', 'C', 'R', 'G', 'Q', 'V', '<EOS>', '<PAD>', '<PAD>', '<PAD>', '<PAD>', '<PAD>', '<PAD>', '<PAD>']"
CP08152,TWEECCKRPPCRVQHMGHC,TWEECCKRPPCRVQHMGHC,19,T W E E C C K R P P C R V Q H M G H C <EOS> <PAD> <PAD> <PAD> <PAD> <PAD> <PAD> <PAD> <PAD> <PAD> <PAD> <PAD>,"['T', 'W', 'E', 'E', 'C', 'C', 'K', 'R', 'P', 'P', 'C', 'R', 'V', 'Q', 'H', 'M', 'G', 'H', 'C', '<EOS>', '<PAD>', '<PAD>', '<PAD>', '<PAD>', '<PAD>', '<PAD>', '<PAD>', '<PAD>', '<PAD>', '<PAD>', '<PAD>']"
CP03621,TWLKKRRWKKAKPP,TWLKKRRWKKAKPP,14,T W L K K R R W K K A K P P <EOS> <PAD> <PAD> <PAD> <PAD> <PAD> <PAD> <PAD> <PAD> <PAD> <PAD> <PAD> <PAD> <PAD> <PAD> <PAD> <PAD>,"['T', 'W', 'L', 'K', 'K', 'R', 'R', 'W', 'K', 'K', 'A', 'K', 'P', 'P', '<EOS>', '<PAD>', '<PAD>', '<PAD>', '<PAD>', '<PAD>', '<PAD>', '<PAD>', '<PAD>', '<PAD>', '<PAD>', '<PAD>', '<PAD>', '<PAD>', '<PAD>', '<PAD>', '<PAD>']"
CP07706,VADDCCVGKVGTCC,VADDCCVGKVGTCC,14,V A D D C C V G K V G T C C <EOS> <PAD> <PAD> <PAD> <PAD> <PAD> <PAD> <PAD> <PAD> <PAD> <PAD> <PAD> <PAD> <PAD> <PAD> <PAD> <PAD>,"['V', 'A', 'D', 'D', 'C', 'C', 'V', 'G', 'K', 'V', 'G', 'T', 'C', 'C', '<EOS>', '<PAD>', '<PAD>', '<PAD>', '<PAD>', '<PAD>', '<PAD>', '<PAD>', '<PAD>', '<PAD>', '<PAD>', '<PAD>', '<PAD>', '<PAD>', '<PAD>', '<PAD>', '<PAD>']"
CP06459,VAEECEESCEDEEKHCCNTNNGPSCAPQCF,VAEECEESCEDEEKHCCNTNNGPSCAPQCF,30,V A E E C E E S C E D E E K H C C N T N N G P S C A P Q C F <EOS>,"['V', 'A', 'E', 'E', 'C', 'E', 'E', 'S', 'C', 'E', 'D', 'E', 'E', 'K', 'H', 'C', 'C', 'N', 'T', 'N', 'N', 'G', 'P', 'S', 'C', 'A', 'P', 'Q', 'C', 'F', '<EOS>']"
CP07828,VCCPFGDCHEICYCCG,VCCPFGDCHEICYCCG,16,V C C P F G D C H E I C Y C C G <EOS> <PAD> <PAD> <PAD> <PAD> <PAD> <PAD> <PAD> <PAD> <PAD> <PAD> <PAD> <PAD> <PAD> <PAD>,"['V', 'C', 'C', 'P', 'F', 'G', 'D', 'C', 'H', 'E', 'I', 'C', 'Y', 'C', 'C', 'G', '<EOS>', '<PAD>', '<PAD>', '<PAD>', '<PAD>', '<PAD>', '<PAD>', '<PAD>', '<PAD>', '<PAD>', '<PAD>', '<PAD>', '<PAD>', '<PAD>', '<PAD>']"
CP07431,VCCPFGECKSLCYCCGA,VCCPFGECKSLCYCCGA,17,V C C P F G E C K S L C Y C C G A <EOS> <PAD> <PAD> <PAD> <PAD> <PAD> <PAD> <PAD> <PAD> <PAD> <PAD> <PAD> <PAD> <PAD>,"['V', 'C', 'C', 'P', 'F', 'G', 'E', 'C', 'K', 'S', 'L', 'C', 'Y', 'C', 'C', 'G', 'A', '<EOS>', '<PAD>', '<PAD>', '<PAD>', '<PAD>', '<PAD>', '<PAD>', '<PAD>', '<PAD>', '<PAD>', '<PAD>', '<PAD>', '<PAD>', '<PAD>']"
CP07736,VCCPFGGCHEFCLCCD,VCCPFGGCHEFCLCCD,16,V C C P F G G C H E F C L C C D <EOS> <PAD> <PAD> <PAD> <PAD> <PAD> <PAD> <PAD> <PAD> <PAD> <PAD> <PAD> <PAD> <PAD> <PAD>,"['V', 'C', 'C', 'P', 'F', 'G', 'G', 'C', 'H', 'E', 'F', 'C', 'L', 'C', 'C', 'D', '<EOS>', '<PAD>', '<PAD>', '<PAD>', '<PAD>', '<PAD>', '<PAD>', '<PAD>', '<PAD>', '<PAD>', '<PAD>', '<PAD>', '<PAD>', '<PAD>', '<PAD>']"
CP07737,VCCPFGGCHELCLCSD,VCCPFGGCHELCLCSD,16,V C C P F G G C H E L C L C S D <EOS> <PAD> <PAD> <PAD> <PAD> <PAD> <PAD> <PAD> <PAD> <PAD> <PAD> <PAD> <PAD> <PAD> <PAD>,"['V', 'C', 'C', 'P', 'F', 'G', 'G', 'C', 'H', 'E', 'L', 'C', 'L', 'C', 'S', 'D', '<EOS>', '<PAD>', '<PAD>', '<PAD>', '<PAD>', '<PAD>', '<PAD>', '<PAD>', '<PAD>', '<PAD>', '<PAD>', '<PAD>', '<PAD>', '<PAD>', '<PAD>']"
CP08981;CP08982,VCCPFGGCHELCQCCE,VCCPFGGCHELCQCCE,16,V C C P F G G C H E L C Q C C E <EOS> <PAD> <PAD> <PAD> <PAD> <PAD> <PAD> <PAD> <PAD> <PAD> <PAD> <PAD> <PAD> <PAD> <PAD>,"['V', 'C', 'C', 'P', 'F', 'G', 'G', 'C', 'H', 'E', 'L', 'C', 'Q', 'C', 'C', 'E', '<EOS>', '<PAD>', '<PAD>', '<PAD>', '<PAD>', '<PAD>', '<PAD>', '<PAD>', '<PAD>', '<PAD>', '<PAD>', '<PAD>', '<PAD>', '<PAD>', '<PAD>']"
CP07742,VCCPFGGCHELCYCCY,VCCPFGGCHELCYCCY,16,V C C P F G G C H E L C Y C C Y <EOS> <PAD> <PAD> <PAD> <PAD> <PAD> <PAD> <PAD> <PAD> <PAD> <PAD> <PAD> <PAD> <PAD> <PAD>,"['V', 'C', 'C', 'P', 'F', 'G', 'G', 'C', 'H', 'E', 'L', 'C', 'Y', 'C', 'C', 'Y', '<EOS>', '<PAD>', '<PAD>', '<PAD>', '<PAD>', '<PAD>', '<PAD>', '<PAD>', '<PAD>', '<PAD>', '<PAD>', '<PAD>', '<PAD>', '<PAD>', '<PAD>']"
CP07428,VCCPHGGCHQICQCCGC,VCCPHGGCHQICQCCGC,17,V C C P H G G C H Q I C Q C C G C <EOS> <PAD> <PAD> <PAD> <PAD> <PAD> <PAD> <PAD> <PAD> <PAD> <PAD> <PAD> <PAD> <PAD>,"['V', 'C', 'C', 'P', 'H', 'G', 'G', 'C', 'H', 'Q', 'I', 'C', 'Q', 'C', 'C', 'G', 'C', '<EOS>', '<PAD>', '<PAD>', '<PAD>', '<PAD>', '<PAD>', '<PAD>', '<PAD>', '<PAD>', '<PAD>', '<PAD>', '<PAD>', '<PAD>', '<PAD>']"
CP06380,VCCPPESCTDRCLCCL,VCCPPESCTDRCLCCL,16,V C C P P E S C T D R C L C C L <EOS> <PAD> <PAD> <PAD> <PAD> <PAD> <PAD> <PAD> <PAD> <PAD> <PAD> <PAD> <PAD> <PAD> <PAD>,"['V', 'C', 'C', 'P', 'P', 'E', 'S', 'C', 'T', 'D', 'R', 'C', 'L', 'C', 'C', 'L', '<EOS>', '<PAD>', '<PAD>', '<PAD>', '<PAD>', '<PAD>', '<PAD>', '<PAD>', '<PAD>', '<PAD>', '<PAD>', '<PAD>', '<PAD>', '<PAD>', '<PAD>']"
CP08212,VCCQFEFLNFCC,VCCQFEFLNFCC,12,V C C Q F E F L N F C C <EOS> <PAD> <PAD> <PAD> <PAD> <PAD> <PAD> <PAD> <PAD> <PAD> <PAD> <PAD> <PAD> <PAD> <PAD> <PAD> <PAD> <PAD> <PAD>,"['V', 'C', 'C', 'Q', 'F', 'E', 'F', 'L', 'N', 'F', 'C', 'C', '<EOS>', '<PAD>', '<PAD>', '<PAD>', '<PAD>', '<PAD>', '<PAD>', '<PAD>', '<PAD>', '<PAD>', '<PAD>', '<PAD>', '<PAD>', '<PAD>', '<PAD>', '<PAD>', '<PAD>', '<PAD>', '<PAD>']"
CP07738,VCCRKEWCHARCTCC,VCCRKEWCHARCTCC,15,V C C R K E W C H A R C T C C <EOS> <PAD> <PAD> <PAD> <PAD> <PAD> <PAD> <PAD> <PAD> <PAD> <PAD> <PAD> <PAD> <PAD> <PAD> <PAD>,"['V', 'C', 'C', 'R', 'K', 'E', 'W', 'C', 'H', 'A', 'R', 'C', 'T', 'C', 'C', '<EOS>', '<PAD>', '<PAD>', '<PAD>', '<PAD>', '<PAD>', '<PAD>', '<PAD>', '<PAD>', '<PAD>', '<PAD>', '<PAD>', '<PAD>', '<PAD>', '<PAD>', '<PAD>']"
CP09120;CP09131,VCCRPMQDCCS,VCCRPMQDCCS,11,V C C R P M Q D C C S <EOS> <PAD> <PAD> <PAD> <PAD> <PAD> <PAD> <PAD> <PAD> <PAD> <PAD> <PAD> <PAD> <PAD> <PAD> <PAD> <PAD> <PAD> <PAD> <PAD>,"['V', 'C', 'C', 'R', 'P', 'M', 'Q', 'D', 'C', 'C', 'S', '<EOS>', '<PAD>', '<PAD>', '<PAD>', '<PAD>', '<PAD>', '<PAD>', '<PAD>', '<PAD>', '<PAD>', '<PAD>', '<PAD>', '<PAD>', '<PAD>', '<PAD>', '<PAD>', '<PAD>', '<PAD>', '<PAD>', '<PAD>']"
CP06158,VCIADDMPCGFGLFGGPLCCSGWCLFVCL,VCIADDMPCGFGLFGGPLCCSGWCLFVCL,29,V C I A D D M P C G F G L F G G P L C C S G W C L F V C L <EOS> <PAD>,"['V', 'C', 'I', 'A', 'D', 'D', 'M', 'P', 'C', 'G', 'F', 'G', 'L', 'F', 'G', 'G', 'P', 'L', 'C', 'C', 'S', 'G', 'W', 'C', 'L', 'F', 'V', 'C', 'L', '<EOS>', '<PAD>']"
CP06583,VCTPPEGYCTYHRDCCDLYCNKTTNVCLET,VCTPPEGYCTYHRDCCDLYCNKTTNVCLET,30,V C T P P E G Y C T Y H R D C C D L Y C N K T T N V C L E T <EOS>,"['V', 'C', 'T', 'P', 'P', 'E', 'G', 'Y', 'C', 'T', 'Y', 'H', 'R', 'D', 'C', 'C', 'D', 'L', 'Y', 'C', 'N', 'K', 'T', 'T', 'N', 'V', 'C', 'L', 'E', 'T', '<EOS>']"
CP06429,VCVDGGTFCGFPKIGGPCCSGWCIFVCL,VCVDGGTFCGFPKIGGPCCSGWCIFVCL,28,V C V D G G T F C G F P K I G G P C C S G W C I F V C L <EOS> <PAD> <PAD>,"['V', 'C', 'V', 'D', 'G', 'G', 'T', 'F', 'C', 'G', 'F', 'P', 'K', 'I', 'G', 'G', 'P', 'C', 'C', 'S', 'G', 'W', 'C', 'I', 'F', 'V', 'C', 'L', '<EOS>', '<PAD>', '<PAD>']"
CP07503,VGCGDHCLSNAHCPPVCRDCTYDSGCQM,VGCGDHCLSNAHCPPVCRDCTYDSGCQM,28,V G C G D H C L S N A H C P P V C R D C T Y D S G C Q M <EOS> <PAD> <PAD>,"['V', 'G', 'C', 'G', 'D', 'H', 'C', 'L', 'S', 'N', 'A', 'H', 'C', 'P', 'P', 'V', 'C', 'R', 'D', 'C', 'T', 'Y', 'D', 'S', 'G', 'C', 'Q', 'M', '<EOS>', '<PAD>', '<PAD>']"
CP07359,VIDSCCSNPPCAHVHCH,VIDSCCSNPPCAHVHCH,17,V I D S C C S N P P C A H V H C H <EOS> <PAD> <PAD> <PAD> <PAD> <PAD> <PAD> <PAD> <PAD> <PAD> <PAD> <PAD> <PAD> <PAD>,"['V', 'I', 'D', 'S', 'C', 'C', 'S', 'N', 'P', 'P', 'C', 'A', 'H', 'V', 'H', 'C', 'H', '<EOS>', '<PAD>', '<PAD>', '<PAD>', '<PAD>', '<PAD>', '<PAD>', '<PAD>', '<PAD>', '<PAD>', '<PAD>', '<PAD>', '<PAD>', '<PAD>']"
CP03269,VIPFVASVEMMQHVYCSKKC,VIPFVASVEMMQHVYCSKKC,20,V I P F V A S V E M M Q H V Y C S K K C <EOS> <PAD> <PAD> <PAD> <PAD> <PAD> <PAD> <PAD> <PAD> <PAD> <PAD>,"['V', 'I', 'P', 'F', 'V', 'A', 'S', 'V', 'E', 'M', 'M', 'Q', 'H', 'V', 'Y', 'C', 'S', 'K', 'K', 'C', '<EOS>', '<PAD>', '<PAD>', '<PAD>', '<PAD>', '<PAD>', '<PAD>', '<PAD>', '<PAD>', '<PAD>', '<PAD>']"
CP05978,VKPCRKEGQLCDPIFQNCCRGWNCVLFCV,VKPCRKEGQLCDPIFQNCCRGWNCVLFCV,29,V K P C R K E G Q L C D P I F Q N C C R G W N C V L F C V <EOS> <PAD>,"['V', 'K', 'P', 'C', 'R', 'K', 'E', 'G', 'Q', 'L', 'C', 'D', 'P', 'I', 'F', 'Q', 'N', 'C', 'C', 'R', 'G', 'W', 'N', 'C', 'V', 'L', 'F', 'C', 'V', '<EOS>', '<PAD>']"
CP06321,VKPCSEEGQLCDPLSQNCCRGWHCVLVSCV,VKPCSEEGQLCDPLSQNCCRGWHCVLVSCV,30,V K P C S E E G Q L C D P L S Q N C C R G W H C V L V S C V <EOS>,"['V', 'K', 'P', 'C', 'S', 'E', 'E', 'G', 'Q', 'L', 'C', 'D', 'P', 'L', 'S', 'Q', 'N', 'C', 'C', 'R', 'G', 'W', 'H', 'C', 'V', 'L', 'V', 'S', 'C', 'V', '<EOS>']"
CP06828,VLEKDCPPHPVPGMHKCVCLKTC,VLEKDCPPHPVPGMHKCVCLKTC,23,V L E K D C P P H P V P G M H K C V C L K T C <EOS> <PAD> <PAD> <PAD> <PAD> <PAD> <PAD> <PAD>,"['V', 'L', 'E', 'K', 'D', 'C', 'P', 'P', 'H', 'P', 'V', 'P', 'G', 'M', 'H', 'K', 'C', 'V', 'C', 'L', 'K', 'T', 'C', '<EOS>', '<PAD>', '<PAD>', '<PAD>', '<PAD>', '<PAD>', '<PAD>', '<PAD>']"
CP05678,VLSCIETCVYIPCITSLIGCSCKDKICYLN,VLSCIETCVYIPCITSLIGCSCKDKICYLN,30,V L S C I E T C V Y I P C I T S L I G C S C K D K I C Y L N <EOS>,"['V', 'L', 'S', 'C', 'I', 'E', 'T', 'C', 'V', 'Y', 'I', 'P', 'C', 'I', 'T', 'S', 'L', 'I', 'G', 'C', 'S', 'C', 'K', 'D', 'K', 'I', 'C', 'Y', 'L', 'N', '<EOS>']"
CP08746,VLSGTCCMGYDCWCP,VLSGTCCMGYDCWCP,15,V L S G T C C M G Y D C W C P <EOS> <PAD> <PAD> <PAD> <PAD> <PAD> <PAD> <PAD> <PAD> <PAD> <PAD> <PAD> <PAD> <PAD> <PAD> <PAD>,"['V', 'L', 'S', 'G', 'T', 'C', 'C', 'M', 'G', 'Y', 'D', 'C', 'W', 'C', 'P', '<EOS>', '<PAD>', '<PAD>', '<PAD>', '<PAD>', '<PAD>', '<PAD>', '<PAD>', '<PAD>', '<PAD>', '<PAD>', '<PAD>', '<PAD>', '<PAD>', '<PAD>', '<PAD>']"
CP07696,VMQLRYYNWIDCCFDGACCN,VMQLRYYNWIDCCFDGACCN,20,V M Q L R Y Y N W I D C C F D G A C C N <EOS> <PAD> <PAD> <PAD> <PAD> <PAD> <PAD> <PAD> <PAD> <PAD> <PAD>,"['V', 'M', 'Q', 'L', 'R', 'Y', 'Y', 'N', 'W', 'I', 'D', 'C', 'C', 'F', 'D', 'G', 'A', 'C', 'C', 'N', '<EOS>', '<PAD>', '<PAD>', '<PAD>', '<PAD>', '<PAD>', '<PAD>', '<PAD>', '<PAD>', '<PAD>', '<PAD>']"
CP06069,VNCCGIDESCCS,VNCCGIDESCCS,12,V N C C G I D E S C C S <EOS> <PAD> <PAD> <PAD> <PAD> <PAD> <PAD> <PAD> <PAD> <PAD> <PAD> <PAD> <PAD> <PAD> <PAD> <PAD> <PAD> <PAD> <PAD>,"['V', 'N', 'C', 'C', 'G', 'I', 'D', 'E', 'S', 'C', 'C', 'S', '<EOS>', '<PAD>', '<PAD>', '<PAD>', '<PAD>', '<PAD>', '<PAD>', '<PAD>', '<PAD>', '<PAD>', '<PAD>', '<PAD>', '<PAD>', '<PAD>', '<PAD>', '<PAD>', '<PAD>', '<PAD>', '<PAD>']"
CP06098,VNCCPIDESCCS,VNCCPIDESCCS,12,V N C C P I D E S C C S <EOS> <PAD> <PAD> <PAD> <PAD> <PAD> <PAD> <PAD> <PAD> <PAD> <PAD> <PAD> <PAD> <PAD> <PAD> <PAD> <PAD> <PAD> <PAD>,"['V', 'N', 'C', 'C', 'P', 'I', 'D', 'E', 'S', 'C', 'C', 'S', '<EOS>', '<PAD>', '<PAD>', '<PAD>', '<PAD>', '<PAD>', '<PAD>', '<PAD>', '<PAD>', '<PAD>', '<PAD>', '<PAD>', '<PAD>', '<PAD>', '<PAD>', '<PAD>', '<PAD>', '<PAD>', '<PAD>']"
CP08168,VPAPHIMVPIYLCPILCKVGGVNTPFCNCT,VPAPHIMVPIYLCPILCKVGGVNTPFCNCT,30,V P A P H I M V P I Y L C P I L C K V G G V N T P F C N C T <EOS>,"['V', 'P', 'A', 'P', 'H', 'I', 'M', 'V', 'P', 'I', 'Y', 'L', 'C', 'P', 'I', 'L', 'C', 'K', 'V', 'G', 'G', 'V', 'N', 'T', 'P', 'F', 'C', 'N', 'C', 'T', '<EOS>']"
CP05199,VQAKDLENVPV,VQAKDLENVPV,11,V Q A K D L E N V P V <EOS> <PAD> <PAD> <PAD> <PAD> <PAD> <PAD> <PAD> <PAD> <PAD> <PAD> <PAD> <PAD> <PAD> <PAD> <PAD> <PAD> <PAD> <PAD> <PAD>,"['V', 'Q', 'A', 'K', 'D', 'L', 'E', 'N', 'V', 'P', 'V', '<EOS>', '<PAD>', '<PAD>', '<PAD>', '<PAD>', '<PAD>', '<PAD>', '<PAD>', '<PAD>', '<PAD>', '<PAD>', '<PAD>', '<PAD>', '<PAD>', '<PAD>', '<PAD>', '<PAD>', '<PAD>', '<PAD>', '<PAD>']"
CP08669,VSCGDTCINSDECPSSCNTCLHALCKS,VSCGDTCINSDECPSSCNTCLHALCKS,27,V S C G D T C I N S D E C P S S C N T C L H A L C K S <EOS> <PAD> <PAD> <PAD>,"['V', 'S', 'C', 'G', 'D', 'T', 'C', 'I', 'N', 'S', 'D', 'E', 'C', 'P', 'S', 'S', 'C', 'N', 'T', 'C', 'L', 'H', 'A', 'L', 'C', 'K', 'S', '<EOS>', '<PAD>', '<PAD>', '<PAD>']"
CP01636;CP02124,VTALQITTPFT,VTALQITTPFT,11,V T A L Q I T T P F T <EOS> <PAD> <PAD> <PAD> <PAD> <PAD> <PAD> <PAD> <PAD> <PAD> <PAD> <PAD> <PAD> <PAD> <PAD> <PAD> <PAD> <PAD> <PAD> <PAD>,"['V', 'T', 'A', 'L', 'Q', 'I', 'T', 'T', 'P', 'F', 'T', '<EOS>', '<PAD>', '<PAD>', '<PAD>', '<PAD>', '<PAD>', '<PAD>', '<PAD>', '<PAD>', '<PAD>', '<PAD>', '<PAD>', '<PAD>', '<PAD>', '<PAD>', '<PAD>', '<PAD>', '<PAD>', '<PAD>', '<PAD>']"
CP01982,VTATQINTPLT,VTATQINTPLT,11,V T A T Q I N T P L T <EOS> <PAD> <PAD> <PAD> <PAD> <PAD> <PAD> <PAD> <PAD> <PAD> <PAD> <PAD> <PAD> <PAD> <PAD> <PAD> <PAD> <PAD> <PAD> <PAD>,"['V', 'T', 'A', 'T', 'Q', 'I', 'N', 'T', 'P', 'L', 'T', '<EOS>', '<PAD>', '<PAD>', '<PAD>', '<PAD>', '<PAD>', '<PAD>', '<PAD>', '<PAD>', '<PAD>', '<PAD>', '<PAD>', '<PAD>', '<PAD>', '<PAD>', '<PAD>', '<PAD>', '<PAD>', '<PAD>', '<PAD>']"
CP00314;CP00792;CP00990;CP00991;CP01128;CP01130;CP01804;CP01877;CP01919;CP02134;CP02154;CP02190;CP02246;CP02257;CP02620,VTATQITTPLT,VTATQITTPLT,11,V T A T Q I T T P L T <EOS> <PAD> <PAD> <PAD> <PAD> <PAD> <PAD> <PAD> <PAD> <PAD> <PAD> <PAD> <PAD> <PAD> <PAD> <PAD> <PAD> <PAD> <PAD> <PAD>,"['V', 'T', 'A', 'T', 'Q', 'I', 'T', 'T', 'P', 'L', 'T', '<EOS>', '<PAD>', '<PAD>', '<PAD>', '<PAD>', '<PAD>', '<PAD>', '<PAD>', '<PAD>', '<PAD>', '<PAD>', '<PAD>', '<PAD>', '<PAD>', '<PAD>', '<PAD>', '<PAD>', '<PAD>', '<PAD>', '<PAD>']"
CP06462,VTEECEENCEEEEKHCCNTNNGPSCAPQCF,VTEECEENCEEEEKHCCNTNNGPSCAPQCF,30,V T E E C E E N C E E E E K H C C N T N N G P S C A P Q C F <EOS>,"['V', 'T', 'E', 'E', 'C', 'E', 'E', 'N', 'C', 'E', 'E', 'E', 'E', 'K', 'H', 'C', 'C', 'N', 'T', 'N', 'N', 'G', 'P', 'S', 'C', 'A', 'P', 'Q', 'C', 'F', '<EOS>']"
CP03160,VTSWSLCTPGCTSPGGGSNCSFCC,VTSWSLCTPGCTSPGGGSNCSFCC,24,V T S W S L C T P G C T S P G G G S N C S F C C <EOS> <PAD> <PAD> <PAD> <PAD> <PAD> <PAD>,"['V', 'T', 'S', 'W', 'S', 'L', 'C', 'T', 'P', 'G', 'C', 'T', 'S', 'P', 'G', 'G', 'G', 'S', 'N', 'C', 'S', 'F', 'C', 'C', '<EOS>', '<PAD>', '<PAD>', '<PAD>', '<PAD>', '<PAD>', '<PAD>']"
CP01278;CP02475,VTTVVPALTIIFG,VTTVVPALTIIFG,13,V T T V V P A L T I I F G <EOS> <PAD> <PAD> <PAD> <PAD> <PAD> <PAD> <PAD> <PAD> <PAD> <PAD> <PAD> <PAD> <PAD> <PAD> <PAD> <PAD> <PAD>,"['V', 'T', 'T', 'V', 'V', 'P', 'A', 'L', 'T', 'I', 'I', 'F', 'G', '<EOS>', '<PAD>', '<PAD>', '<PAD>', '<PAD>', '<PAD>', '<PAD>', '<PAD>', '<PAD>', '<PAD>', '<PAD>', '<PAD>', '<PAD>', '<PAD>', '<PAD>', '<PAD>', '<PAD>', '<PAD>']"
CP01403;CP01430;CP02149,VTVTVAGISISVFG,VTVTVAGISISVFG,14,V T V T V A G I S I S V F G <EOS> <PAD> <PAD> <PAD> <PAD> <PAD> <PAD> <PAD> <PAD> <PAD> <PAD> <PAD> <PAD> <PAD> <PAD> <PAD> <PAD>,"['V', 'T', 'V', 'T', 'V', 'A', 'G', 'I', 'S', 'I', 'S', 'V', 'F', 'G', '<EOS>', '<PAD>', '<PAD>', '<PAD>', '<PAD>', '<PAD>', '<PAD>', '<PAD>', '<PAD>', '<PAD>', '<PAD>', '<PAD>', '<PAD>', '<PAD>', '<PAD>', '<PAD>', '<PAD>']"
CP00436;CP00492;CP00504;CP00623;CP00644;CP01307;CP01348;CP01462;CP01719;CP01850,VTVVPAITIVFGV,VTVVPAITIVFGV,13,V T V V P A I T I V F G V <EOS> <PAD> <PAD> <PAD> <PAD> <PAD> <PAD> <PAD> <PAD> <PAD> <PAD> <PAD> <PAD> <PAD> <PAD> <PAD> <PAD> <PAD>,"['V', 'T', 'V', 'V', 'P', 'A', 'I', 'T', 'I', 'V', 'F', 'G', 'V', '<EOS>', '<PAD>', '<PAD>', '<PAD>', '<PAD>', '<PAD>', '<PAD>', '<PAD>', '<PAD>', '<PAD>', '<PAD>', '<PAD>', '<PAD>', '<PAD>', '<PAD>', '<PAD>', '<PAD>', '<PAD>']"
CP03270,VVKCSYRLGSPDSQCN,VVKCSYRLGSPDSQCN,16,V V K C S Y R L G S P D S Q C N <EOS> <PAD> <PAD> <PAD> <PAD> <PAD> <PAD> <PAD> <PAD> <PAD> <PAD> <PAD> <PAD> <PAD> <PAD>,"['V', 'V', 'K', 'C', 'S', 'Y', 'R', 'L', 'G', 'S', 'P', 'D', 'S', 'Q', 'C', 'N', '<EOS>', '<PAD>', '<PAD>', '<PAD>', '<PAD>', '<PAD>', '<PAD>', '<PAD>', '<PAD>', '<PAD>', '<PAD>', '<PAD>', '<PAD>', '<PAD>', '<PAD>']"
CP08997;CP08998,VWCDWEWCYGDCHCFD,VWCDWEWCYGDCHCFD,16,V W C D W E W C Y G D C H C F D <EOS> <PAD> <PAD> <PAD> <PAD> <PAD> <PAD> <PAD> <PAD> <PAD> <PAD> <PAD> <PAD> <PAD> <PAD>,"['V', 'W', 'C', 'D', 'W', 'E', 'W', 'C', 'Y', 'G', 'D', 'C', 'H', 'C', 'F', 'D', '<EOS>', '<PAD>', '<PAD>', '<PAD>', '<PAD>', '<PAD>', '<PAD>', '<PAD>', '<PAD>', '<PAD>', '<PAD>', '<PAD>', '<PAD>', '<PAD>', '<PAD>']"
CP03247,VWPLGLVICKALKIC,VWPLGLVICKALKIC,15,V W P L G L V I C K A L K I C <EOS> <PAD> <PAD> <PAD> <PAD> <PAD> <PAD> <PAD> <PAD> <PAD> <PAD> <PAD> <PAD> <PAD> <PAD> <PAD>,"['V', 'W', 'P', 'L', 'G', 'L', 'V', 'I', 'C', 'K', 'A', 'L', 'K', 'I', 'C', '<EOS>', '<PAD>', '<PAD>', '<PAD>', '<PAD>', '<PAD>', '<PAD>', '<PAD>', '<PAD>', '<PAD>', '<PAD>', '<PAD>', '<PAD>', '<PAD>', '<PAD>', '<PAD>']"
CP03684,VYPFCWGGAYAFCKAKLV,VYPFCWGGAYAFCKAKLV,18,V Y P F C W G G A Y A F C K A K L V <EOS> <PAD> <PAD> <PAD> <PAD> <PAD> <PAD> <PAD> <PAD> <PAD> <PAD> <PAD> <PAD>,"['V', 'Y', 'P', 'F', 'C', 'W', 'G', 'G', 'A', 'Y', 'A', 'F', 'C', 'K', 'A', 'K', 'L', 'V', '<EOS>', '<PAD>', '<PAD>', '<PAD>', '<PAD>', '<PAD>', '<PAD>', '<PAD>', '<PAD>', '<PAD>', '<PAD>', '<PAD>', '<PAD>']"
CP06506,WCKQSGEMCNLLDQNCCDGYCIVFVCT,WCKQSGEMCNLLDQNCCDGYCIVFVCT,27,W C K Q S G E M C N L L D Q N C C D G Y C I V F V C T <EOS> <PAD> <PAD> <PAD>,"['W', 'C', 'K', 'Q', 'S', 'G', 'E', 'M', 'C', 'N', 'L', 'L', 'D', 'Q', 'N', 'C', 'C', 'D', 'G', 'Y', 'C', 'I', 'V', 'F', 'V', 'C', 'T', '<EOS>', '<PAD>', '<PAD>', '<PAD>']"
CP05947,WDAYDCIQFCMRPEMRHTYAQCLSICT,WDAYDCIQFCMRPEMRHTYAQCLSICT,27,W D A Y D C I Q F C M R P E M R H T Y A Q C L S I C T <EOS> <PAD> <PAD> <PAD>,"['W', 'D', 'A', 'Y', 'D', 'C', 'I', 'Q', 'F', 'C', 'M', 'R', 'P', 'E', 'M', 'R', 'H', 'T', 'Y', 'A', 'Q', 'C', 'L', 'S', 'I', 'C', 'T', '<EOS>', '<PAD>', '<PAD>', '<PAD>']"
CP06242,WDVDQCIYYCLNGVVGYSYTECQTMCT,WDVDQCIYYCLNGVVGYSYTECQTMCT,27,W D V D Q C I Y Y C L N G V V G Y S Y T E C Q T M C T <EOS> <PAD> <PAD> <PAD>,"['W', 'D', 'V', 'D', 'Q', 'C', 'I', 'Y', 'Y', 'C', 'L', 'N', 'G', 'V', 'V', 'G', 'Y', 'S', 'Y', 'T', 'E', 'C', 'Q', 'T', 'M', 'C', 'T', '<EOS>', '<PAD>', '<PAD>', '<PAD>']"
CP08346,WDVDQCMYYCLTGVVGYSYTECETMCT,WDVDQCMYYCLTGVVGYSYTECETMCT,27,W D V D Q C M Y Y C L T G V V G Y S Y T E C E T M C T <EOS> <PAD> <PAD> <PAD>,"['W', 'D', 'V', 'D', 'Q', 'C', 'M', 'Y', 'Y', 'C', 'L', 'T', 'G', 'V', 'V', 'G', 'Y', 'S', 'Y', 'T', 'E', 'C', 'E', 'T', 'M', 'C', 'T', '<EOS>', '<PAD>', '<PAD>', '<PAD>']"
CP05949,WDVNDCIHFCLIGVVERSYTECHTMCT,WDVNDCIHFCLIGVVERSYTECHTMCT,27,W D V N D C I H F C L I G V V E R S Y T E C H T M C T <EOS> <PAD> <PAD> <PAD>,"['W', 'D', 'V', 'N', 'D', 'C', 'I', 'H', 'F', 'C', 'L', 'I', 'G', 'V', 'V', 'E', 'R', 'S', 'Y', 'T', 'E', 'C', 'H', 'T', 'M', 'C', 'T', '<EOS>', '<PAD>', '<PAD>', '<PAD>']"
CP01043,WFALMQWFALMQ,WFALMQWFALMQ,12,W F A L M Q W F A L M Q <EOS> <PAD> <PAD> <PAD> <PAD> <PAD> <PAD> <PAD> <PAD> <PAD> <PAD> <PAD> <PAD> <PAD> <PAD> <PAD> <PAD> <PAD> <PAD>,"['W', 'F', 'A', 'L', 'M', 'Q', 'W', 'F', 'A', 'L', 'M', 'Q', '<EOS>', '<PAD>', '<PAD>', '<PAD>', '<PAD>', '<PAD>', '<PAD>', '<PAD>', '<PAD>', '<PAD>', '<PAD>', '<PAD>', '<PAD>', '<PAD>', '<PAD>', '<PAD>', '<PAD>', '<PAD>', '<PAD>']"
CP05269;CP05270,WGVCGETCVGGTCNTPGCTCSWPVCGHFR,WGVCGETCVGGTCNTPGCTCSWPVCGHFR,29,W G V C G E T C V G G T C N T P G C T C S W P V C G H F R <EOS> <PAD>,"['W', 'G', 'V', 'C', 'G', 'E', 'T', 'C', 'V', 'G', 'G', 'T', 'C', 'N', 'T', 'P', 'G', 'C', 'T', 'C', 'S', 'W', 'P', 'V', 'C', 'G', 'H', 'F', 'R', '<EOS>', '<PAD>']"
CP06068,WIDPSHYCCCGGGCTDDCVNC,WIDPSHYCCCGGGCTDDCVNC,21,W I D P S H Y C C C G G G C T D D C V N C <EOS> <PAD> <PAD> <PAD> <PAD> <PAD> <PAD> <PAD> <PAD> <PAD>,"['W', 'I', 'D', 'P', 'S', 'H', 'Y', 'C', 'C', 'C', 'G', 'G', 'G', 'C', 'T', 'D', 'D', 'C', 'V', 'N', 'C', '<EOS>', '<PAD>', '<PAD>', '<PAD>', '<PAD>', '<PAD>', '<PAD>', '<PAD>', '<PAD>', '<PAD>']"
CP04221,WLNGDNNWSTP,WLNGDNNWSTP,11,W L N G D N N W S T P <EOS> <PAD> <PAD> <PAD> <PAD> <PAD> <PAD> <PAD> <PAD> <PAD> <PAD> <PAD> <PAD> <PAD> <PAD> <PAD> <PAD> <PAD> <PAD> <PAD>,"['W', 'L', 'N', 'G', 'D', 'N', 'N', 'W', 'S', 'T', 'P', '<EOS>', '<PAD>', '<PAD>', '<PAD>', '<PAD>', '<PAD>', '<PAD>', '<PAD>', '<PAD>', '<PAD>', '<PAD>', '<PAD>', '<PAD>', '<PAD>', '<PAD>', '<PAD>', '<PAD>', '<PAD>', '<PAD>', '<PAD>']"
CP01057;CP01207;CP02632,WNDTGADADGSIA,WNDTGADADGSIA,13,W N D T G A D A D G S I A <EOS> <PAD> <PAD> <PAD> <PAD> <PAD> <PAD> <PAD> <PAD> <PAD> <PAD> <PAD> <PAD> <PAD> <PAD> <PAD> <PAD> <PAD>,"['W', 'N', 'D', 'T', 'G', 'A', 'D', 'A', 'D', 'G', 'S', 'I', 'A', '<EOS>', '<PAD>', '<PAD>', '<PAD>', '<PAD>', '<PAD>', '<PAD>', '<PAD>', '<PAD>', '<PAD>', '<PAD>', '<PAD>', '<PAD>', '<PAD>', '<PAD>', '<PAD>', '<PAD>', '<PAD>']"
CP03659;CP03660,WNDTGKDADGSEY,WNDTGKDADGSEY,13,W N D T G K D A D G S E Y <EOS> <PAD> <PAD> <PAD> <PAD> <PAD> <PAD> <PAD> <PAD> <PAD> <PAD> <PAD> <PAD> <PAD> <PAD> <PAD> <PAD> <PAD>,"['W', 'N', 'D', 'T', 'G', 'K', 'D', 'A', 'D', 'G', 'S', 'E', 'Y', '<EOS>', '<PAD>', '<PAD>', '<PAD>', '<PAD>', '<PAD>', '<PAD>', '<PAD>', '<PAD>', '<PAD>', '<PAD>', '<PAD>', '<PAD>', '<PAD>', '<PAD>', '<PAD>', '<PAD>', '<PAD>']"
CP06263,WPCKVAGSPCGLVSECCGTCNVLRNRCV,WPCKVAGSPCGLVSECCGTCNVLRNRCV,28,W P C K V A G S P C G L V S E C C G T C N V L R N R C V <EOS> <PAD> <PAD>,"['W', 'P', 'C', 'K', 'V', 'A', 'G', 'S', 'P', 'C', 'G', 'L', 'V', 'S', 'E', 'C', 'C', 'G', 'T', 'C', 'N', 'V', 'L', 'R', 'N', 'R', 'C', 'V', '<EOS>', '<PAD>', '<PAD>']"
CP00782;CP00893;CP01142,WVIVVGVIGVIG,WVIVVGVIGVIG,12,W V I V V G V I G V I G <EOS> <PAD> <PAD> <PAD> <PAD> <PAD> <PAD> <PAD> <PAD> <PAD> <PAD> <PAD> <PAD> <PAD> <PAD> <PAD> <PAD> <PAD> <PAD>,"['W', 'V', 'I', 'V', 'V', 'G', 'V', 'I', 'G', 'V', 'I', 'G', '<EOS>', '<PAD>', '<PAD>', '<PAD>', '<PAD>', '<PAD>', '<PAD>', '<PAD>', '<PAD>', '<PAD>', '<PAD>', '<PAD>', '<PAD>', '<PAD>', '<PAD>', '<PAD>', '<PAD>', '<PAD>', '<PAD>']"
CP07725,WWGENDCSWTGPCTVNAECCLGVCDETC,WWGENDCSWTGPCTVNAECCLGVCDETC,28,W W G E N D C S W T G P C T V N A E C C L G V C D E T C <EOS> <PAD> <PAD>,"['W', 'W', 'G', 'E', 'N', 'D', 'C', 'S', 'W', 'T', 'G', 'P', 'C', 'T', 'V', 'N', 'A', 'E', 'C', 'C', 'L', 'G', 'V', 'C', 'D', 'E', 'T', 'C', '<EOS>', '<PAD>', '<PAD>']"
CP07679,WWLGECDEWDWLCDQPSECCSATCSLWC,WWLGECDEWDWLCDQPSECCSATCSLWC,28,W W L G E C D E W D W L C D Q P S E C C S A T C S L W C <EOS> <PAD> <PAD>,"['W', 'W', 'L', 'G', 'E', 'C', 'D', 'E', 'W', 'D', 'W', 'L', 'C', 'D', 'Q', 'P', 'S', 'E', 'C', 'C', 'S', 'A', 'T', 'C', 'S', 'L', 'W', 'C', '<EOS>', '<PAD>', '<PAD>']"
CP06203,YCCYFDYSCCLYLR,YCCYFDYSCCLYLR,14,Y C C Y F D Y S C C L Y L R <EOS> <PAD> <PAD> <PAD> <PAD> <PAD> <PAD> <PAD> <PAD> <PAD> <PAD> <PAD> <PAD> <PAD> <PAD> <PAD> <PAD>,"['Y', 'C', 'C', 'Y', 'F', 'D', 'Y', 'S', 'C', 'C', 'L', 'Y', 'L', 'R', '<EOS>', '<PAD>', '<PAD>', '<PAD>', '<PAD>', '<PAD>', '<PAD>', '<PAD>', '<PAD>', '<PAD>', '<PAD>', '<PAD>', '<PAD>', '<PAD>', '<PAD>', '<PAD>', '<PAD>']"
CP07030,YCSDDSQPCSHFYDCCKWSCNNGYCP,YCSDDSQPCSHFYDCCKWSCNNGYCP,26,Y C S D D S Q P C S H F Y D C C K W S C N N G Y C P <EOS> <PAD> <PAD> <PAD> <PAD>,"['Y', 'C', 'S', 'D', 'D', 'S', 'Q', 'P', 'C', 'S', 'H', 'F', 'Y', 'D', 'C', 'C', 'K', 'W', 'S', 'C', 'N', 'N', 'G', 'Y', 'C', 'P', '<EOS>', '<PAD>', '<PAD>', '<PAD>', '<PAD>']"
CP06421,YCSDQWKSCSYPHECCRWSCNRYCA,YCSDQWKSCSYPHECCRWSCNRYCA,25,Y C S D Q W K S C S Y P H E C C R W S C N R Y C A <EOS> <PAD> <PAD> <PAD> <PAD> <PAD>,"['Y', 'C', 'S', 'D', 'Q', 'W', 'K', 'S', 'C', 'S', 'Y', 'P', 'H', 'E', 'C', 'C', 'R', 'W', 'S', 'C', 'N', 'R', 'Y', 'C', 'A', '<EOS>', '<PAD>', '<PAD>', '<PAD>', '<PAD>', '<PAD>']"
CP06984,YCSDSGGWCGLDPELCCNSSCFVLC,YCSDSGGWCGLDPELCCNSSCFVLC,25,Y C S D S G G W C G L D P E L C C N S S C F V L C <EOS> <PAD> <PAD> <PAD> <PAD> <PAD>,"['Y', 'C', 'S', 'D', 'S', 'G', 'G', 'W', 'C', 'G', 'L', 'D', 'P', 'E', 'L', 'C', 'C', 'N', 'S', 'S', 'C', 'F', 'V', 'L', 'C', '<EOS>', '<PAD>', '<PAD>', '<PAD>', '<PAD>', '<PAD>']"
CP06979,YCVPKSGLCTIFQPGKCCSGWCLIYRCT,YCVPKSGLCTIFQPGKCCSGWCLIYRCT,28,Y C V P K S G L C T I F Q P G K C C S G W C L I Y R C T <EOS> <PAD> <PAD>,"['Y', 'C', 'V', 'P', 'K', 'S', 'G', 'L', 'C', 'T', 'I', 'F', 'Q', 'P', 'G', 'K', 'C', 'C', 'S', 'G', 'W', 'C', 'L', 'I', 'Y', 'R', 'C', 'T', '<EOS>', '<PAD>', '<PAD>']"
CP08178,YECCVWPHCDGGCSSCVRSCE,YECCVWPHCDGGCSSCVRSCE,21,Y E C C V W P H C D G G C S S C V R S C E <EOS> <PAD> <PAD> <PAD> <PAD> <PAD> <PAD> <PAD> <PAD> <PAD>,"['Y', 'E', 'C', 'C', 'V', 'W', 'P', 'H', 'C', 'D', 'G', 'G', 'C', 'S', 'S', 'C', 'V', 'R', 'S', 'C', 'E', '<EOS>', '<PAD>', '<PAD>', '<PAD>', '<PAD>', '<PAD>', '<PAD>', '<PAD>', '<PAD>', '<PAD>']"
CP01028,YGCKNFFAKTFTSC,YGCKNFFAKTFTSC,14,Y G C K N F F A K T F T S C <EOS> <PAD> <PAD> <PAD> <PAD> <PAD> <PAD> <PAD> <PAD> <PAD> <PAD> <PAD> <PAD> <PAD> <PAD> <PAD> <PAD>,"['Y', 'G', 'C', 'K', 'N', 'F', 'F', 'A', 'K', 'T', 'F', 'T', 'S', 'C', '<EOS>', '<PAD>', '<PAD>', '<PAD>', '<PAD>', '<PAD>', '<PAD>', '<PAD>', '<PAD>', '<PAD>', '<PAD>', '<PAD>', '<PAD>', '<PAD>', '<PAD>', '<PAD>', '<PAD>']"
CP02285;CP02616,YGNTMKYPSDWEQY,YGNTMKYPSDWEQY,14,Y G N T M K Y P S D W E Q Y <EOS> <PAD> <PAD> <PAD> <PAD> <PAD> <PAD> <PAD> <PAD> <PAD> <PAD> <PAD> <PAD> <PAD> <PAD> <PAD> <PAD>,"['Y', 'G', 'N', 'T', 'M', 'K', 'Y', 'P', 'S', 'D', 'W', 'E', 'Q', 'Y', '<EOS>', '<PAD>', '<PAD>', '<PAD>', '<PAD>', '<PAD>', '<PAD>', '<PAD>', '<PAD>', '<PAD>', '<PAD>', '<PAD>', '<PAD>', '<PAD>', '<PAD>', '<PAD>', '<PAD>']"
CP07347,YHECCKHPPCRNTRPDLCG,YHECCKHPPCRNTRPDLCG,19,Y H E C C K H P P C R N T R P D L C G <EOS> <PAD> <PAD> <PAD> <PAD> <PAD> <PAD> <PAD> <PAD> <PAD> <PAD> <PAD>,"['Y', 'H', 'E', 'C', 'C', 'K', 'H', 'P', 'P', 'C', 'R', 'N', 'T', 'R', 'P', 'D', 'L', 'C', 'G', '<EOS>', '<PAD>', '<PAD>', '<PAD>', '<PAD>', '<PAD>', '<PAD>', '<PAD>', '<PAD>', '<PAD>', '<PAD>', '<PAD>']"
CP07391,YHECCKNPPCRNKHPDLC,YHECCKNPPCRNKHPDLC,18,Y H E C C K N P P C R N K H P D L C <EOS> <PAD> <PAD> <PAD> <PAD> <PAD> <PAD> <PAD> <PAD> <PAD> <PAD> <PAD> <PAD>,"['Y', 'H', 'E', 'C', 'C', 'K', 'N', 'P', 'P', 'C', 'R', 'N', 'K', 'H', 'P', 'D', 'L', 'C', '<EOS>', '<PAD>', '<PAD>', '<PAD>', '<PAD>', '<PAD>', '<PAD>', '<PAD>', '<PAD>', '<PAD>', '<PAD>', '<PAD>', '<PAD>']"
CP02043,YICVWQDWGAHRCI,YICVWQDWGAHRCI,14,Y I C V W Q D W G A H R C I <EOS> <PAD> <PAD> <PAD> <PAD> <PAD> <PAD> <PAD> <PAD> <PAD> <PAD> <PAD> <PAD> <PAD> <PAD> <PAD> <PAD>,"['Y', 'I', 'C', 'V', 'W', 'Q', 'D', 'W', 'G', 'A', 'H', 'R', 'C', 'I', '<EOS>', '<PAD>', '<PAD>', '<PAD>', '<PAD>', '<PAD>', '<PAD>', '<PAD>', '<PAD>', '<PAD>', '<PAD>', '<PAD>', '<PAD>', '<PAD>', '<PAD>', '<PAD>', '<PAD>']"
CP05587,YIDPAIGKRFGD,YIDPAIGKRFGD,12,Y I D P A I G K R F G D <EOS> <PAD> <PAD> <PAD> <PAD> <PAD> <PAD> <PAD> <PAD> <PAD> <PAD> <PAD> <PAD> <PAD> <PAD> <PAD> <PAD> <PAD> <PAD>,"['Y', 'I', 'D', 'P', 'A', 'I', 'G', 'K', 'R', 'F', 'G', 'D', '<EOS>', '<PAD>', '<PAD>', '<PAD>', '<PAD>', '<PAD>', '<PAD>', '<PAD>', '<PAD>', '<PAD>', '<PAD>', '<PAD>', '<PAD>', '<PAD>', '<PAD>', '<PAD>', '<PAD>', '<PAD>', '<PAD>']"
CP02118;CP02186,YKGRQYIKLITRPRY,YKGRQYIKLITRPRY,15,Y K G R Q Y I K L I T R P R Y <EOS> <PAD> <PAD> <PAD> <PAD> <PAD> <PAD> <PAD> <PAD> <PAD> <PAD> <PAD> <PAD> <PAD> <PAD> <PAD>,"['Y', 'K', 'G', 'R', 'Q', 'Y', 'I', 'K', 'L', 'I', 'T', 'R', 'P', 'R', 'Y', '<EOS>', '<PAD>', '<PAD>', '<PAD>', '<PAD>', '<PAD>', '<PAD>', '<PAD>', '<PAD>', '<PAD>', '<PAD>', '<PAD>', '<PAD>', '<PAD>', '<PAD>', '<PAD>']"
CP07667,YLGIDCCRIPSCFAKYGSKCSKI,YLGIDCCRIPSCFAKYGSKCSKI,23,Y L G I D C C R I P S C F A K Y G S K C S K I <EOS> <PAD> <PAD> <PAD> <PAD> <PAD> <PAD> <PAD>,"['Y', 'L', 'G', 'I', 'D', 'C', 'C', 'R', 'I', 'P', 'S', 'C', 'F', 'A', 'K', 'Y', 'G', 'S', 'K', 'C', 'S', 'K', 'I', '<EOS>', '<PAD>', '<PAD>', '<PAD>', '<PAD>', '<PAD>', '<PAD>', '<PAD>']"
CP07231,YWTRSACCYIEEGEKCPASCKLCC,YWTRSACCYIEEGEKCPASCKLCC,24,Y W T R S A C C Y I E E G E K C P A S C K L C C <EOS> <PAD> <PAD> <PAD> <PAD> <PAD> <PAD>,"['Y', 'W', 'T', 'R', 'S', 'A', 'C', 'C', 'Y', 'I', 'E', 'E', 'G', 'E', 'K', 'C', 'P', 'A', 'S', 'C', 'K', 'L', 'C', 'C', '<EOS>', '<PAD>', '<PAD>', '<PAD>', '<PAD>', '<PAD>', '<PAD>']"
CP05664,YYCGETCKFITCTFSRLEWCSCQNKRCMNN,YYCGETCKFITCTFSRLEWCSCQNKRCMNN,30,Y Y C G E T C K F I T C T F S R L E W C S C Q N K R C M N N <EOS>,"['Y', 'Y', 'C', 'G', 'E', 'T', 'C', 'K', 'F', 'I', 'T', 'C', 'T', 'F', 'S', 'R', 'L', 'E', 'W', 'C', 'S', 'C', 'Q', 'N', 'K', 'R', 'C', 'M', 'N', 'N', '<EOS>']"
CP03890,YYNPLPHDCGRDNNTDICSR,YYNPLPHDCGRDNNTDICSR,20,Y Y N P L P H D C G R D N N T D I C S R <EOS> <PAD> <PAD> <PAD> <PAD> <PAD> <PAD> <PAD> <PAD> <PAD> <PAD>,"['Y', 'Y', 'N', 'P', 'L', 'P', 'H', 'D', 'C', 'G', 'R', 'D', 'N', 'N', 'T', 'D', 'I', 'C', 'S', 'R', '<EOS>', '<PAD>', '<PAD>', '<PAD>', '<PAD>', '<PAD>', '<PAD>', '<PAD>', '<PAD>', '<PAD>', '<PAD>']"
